最終更新: 2024-09-19 12:00:04.079008
[100, 100, 100, 100, 100, 100, 100, 100, 100, 100, 100, 100, 100, 100, 100, 100, 100, 100, 100, 100, 100, 100, 100, 100, 100, 100, 100, 100, 100, 100, 100, 100, 100, 100, 100, 100, 100, 100, 100, 100, 100, 100, 100, 100, 100, 100, 100, 100, 100, 100, 100, 100, 100, 100, 100, 100, 100, 100, 100, 100, 100, 100, 100, 100, 100, 100, 100, 100, 100, 100, 100, 100, 100, 100, 100, 100, 100, 100, 100, 100]
[100, 100, 100, 100, 100, 100, 100, 100, 100, 100, 100, 100, 100, 100, 100, 100, 100, 100, 100, 100, 100, 100, 100, 100, 100, 100, 100, 100, 100, 100, 100, 100, 100, 100, 100, 100, 100, 100, 100, 100, 100, 100, 100, 100, 100, 100, 100, 100, 100, 100, 100, 100, 100, 100, 100, 100, 100, 100, 100, 100, 100, 100, 100, 100, 100, 100, 100, 100, 100, 100, 100, 100, 100, 100, 100, 100, 100, 100, 100, 100]
[100, 100, 100, 100, 100, 100, 100, 100, 100, 100, 100, 100, 100, 100, 100, 100, 100, 100, 100, 100, 100, 100, 100, 100, 100, 100, 100, 100, 100, 100, 100, 100, 100, 100, 100, 100, 100, 100, 100, 100, 100, 100, 100, 100, 100, 100, 100, 100, 100, 100, 100, 100, 1, 0, 0, 0, 0, 0, 0, 0, 0, 0, 0, 0, 0, 0, 0, 0, 0, 0, 0, 0, 0, 0, 1, 100, 100, 100, 100, 100]
[100, 100, 100, 100, 100, 100, 100, 100, 100, 100, 100, 100, 100, 100, 100, 100, 100, 100, 100, 1, 0, 0, 0, 0, 0, 0, 0, 0, 0, 0, 0, 0, 0, 0, 0, 0, 0, 100, 100, 100, 100, 100, 100, 100, 100, 100, 100, 100, 100, 100, 100, 100, 1, 0, 0, 0, 0, 0, 0, 0, 0, 0, 0, 0, 0, 0, 0, 0, 0, 0, 0, 0, 0, 0, 1, 100, 100, 100, 100, 100]
[100, 100, 100, 100, 100, 100, 100, 100, 100, 100, 100, 100, 100, 100, 100, 100, 100, 100, 100, 1, 0, 0, 0, 0, 0, 0, 0, 0, 0, 0, 0, 0, 0, 0, 0, 0, 0, 0, 100, 100, 100, 100, 100, 100, 100, 100, 100, 100, 100, 100, 100, 100, 1, 0, 0, 0, 0, 0, 0, 0, 0, 0, 0, 0, 0, 0, 0, 0, 0, 0, 0, 0, 0, 0, 1, 100, 100, 100, 100, 100]
[100, 100, 100, 100, 100, 100, 100, 100, 100, 100, 100, 100, 100, 100, 100, 100, 100, 100, 100, 1, 0, 0, 0, 0, 0, 0, 0, 0, 0, 0, 0, 0, 0, 0, 0, 0, 0, 0, 0, 100, 100, 100, 100, 100, 100, 100, 100, 100, 100, 100, 100, 100, 1, 0, 0, 0, 0, 0, 0, 0, 0, 0, 0, 0, 0, 0, 0, 0, 0, 0, 0, 0, 0, 0, 1, 100, 100, 100, 100, 100]
[100, 100, 100, 100, 100, 100, 100, 100, 100, 100, 100, 100, 100, 100, 100, 100, 100, 100, 100, 1, 0, 0, 0, 0, 0, 0, 0, 0, 0, 0, 0, 0, 0, 0, 0, 0, 0, 0, 0, 0, 100, 100, 100, 100, 100, 100, 100, 100, 100, 100, 100, 100, 1, 0, 0, 0, 0, 0, 0, 0, 0, 0, 0, 0, 0, 0, 0, 0, 0, 0, 0, 0, 0, 0, 1, 100, 100, 100, 100, 100]
[100, 100, 100, 100, 100, 100, 100, 100, 100, 100, 100, 100, 100, 100, 100, 100, 100, 100, 100, 1, 0, 0, 0, 0, 0, 0, 0, 0, 0, 0, 0, 0, 0, 0, 0, 0, 0, 0, 0, 0, 0, 100, 100, 100, 100, 100, 100, 100, 100, 100, 100, 100, 100, 0, 0, 0, 0, 0, 0, 0, 0, 0, 0, 0, 0, 0, 0, 0, 0, 0, 0, 0, 0, 0, 100, 100, 100, 100, 100, 100]
[100, 100, 100, 100, 100, 100, 100, 100, 100, 100, 100, 100, 100, 100, 100, 100, 100, 100, 100, 1, 0, 0, 0, 0, 0, 0, 0, 0, 0, 0, 0, 0, 0, 0, 0, 0, 0, 0, 0, 0, 0, 0, 0, 0, 0, 0, 0, 0, 0, 0, 0, 0, 0, 0, 0, 0, 0, 0, 0, 0, 0, 0, 0, 0, 0, 0, 0, 0, 0, 0, 0, 0, 0, 0, 0, 0, 100, 100, 100, 100]
[100, 100, 100, 100, 100, 100, 100, 100, 100, 100, 100, 100, 100, 100, 100, 100, 100, 100, 100, 1, 0, 0, 0, 0, 0, 0, 0, 0, 0, 0, 0, 0, 0, 0, 0, 0, 0, 0, 0, 0, 0, 0, 0, 0, 0, 0, 0, 0, 0, 0, 0, 0, 0, 0, 0, 0, 0, 0, 0, 0, 0, 0, 0, 0, 0, 0, 0, 0, 0, 0, 0, 0, 0, 0, 0, 0, 100, 100, 100, 100]
[100, 100, 100, 100, 100, 100, 100, 100, 100, 100, 100, 100, 100, 100, 100, 100, 100, 100, 100, 100, 100, 100, 100, 100, 100, 100, 100, 0, 0, 0, 0, 0, 0, 0, 0, 0, 0, 0, 0, 0, 0, 0, 0, 0, 0, 0, 0, 0, 0, 0, 0, 0, 0, 0, 0, 0, 0, 0, 0, 0, 0, 0, 0, 0, 0, 0, 0, 0, 0, 0, 0, 0, 0, 0, 0, 0, 100, 100, 100, 100]
[100, 100, 100, 100, 100, 100, 100, 100, 100, 100, 100, 100, 100, 100, 100, 100, 100, 100, 100, 100, 100, 100, 100, 100, 100, 100, 100, 100, 0, 0, 0, 0, 0, 0, 0, 0, 0, 0, 0, 0, 0, 0, 0, 0, 0, 0, 0, 0, 0, 0, 0, 0, 0, 0, 0, 0, 0, 0, 0, 0, 0, 0, 0, 0, 0, 0, 0, 0, 0, 0, 0, 0, 0, 0, 0, 0, 100, 100, 100, 100]
[100, 100, 100, 100, 100, 100, 100, 100, 100, 100, 100, 100, 100, 100, 100, 100, 100, 100, 100, 100, 100, 100, 100, 100, 100, 100, 100, 100, 100, 100, 100, 0, 0, 0, 0, 0, 0, 0, 0, 0, 0, 0, 0, 0, 0, 0, 0, 0, 0, 0, 0, 0, 0, 0, 0, 0, 0, 0, 0, 0, 0, 0, 0, 0, 0, 0, 0, 0, 0, 0, 0, 0, 0, 0, 0, 0, 1, 0, 100, 100]
[100, 100, 100, 100, 100, 100, 100, 100, 100, 100, 100, 100, 100, 100, 100, 100, 100, 100, 100, 100, 100, 100, 100, 100, 100, 100, 100, 100, 100, 100, 100, 100, 0, 0, 0, 0, 0, 0, 0, 0, 0, 0, 0, 0, 0, 0, 0, 0, 0, 0, 0, 0, 0, 0, 0, 0, 0, 0, 0, 0, 0, 0, 0, 0, 0, 0, 0, 0, 0, 0, 0, 0, 0, 0, 0, 0, 100, 0, 100, 100]
[100, 100, 100, 100, 100, 100, 100, 100, 100, 100, 100, 100, 100, 100, 100, 100, 100, 100, 100, 100, 100, 100, 100, 100, 100, 100, 100, 100, 100, 100, 100, 100, 100, 0, 0, 0, 0, 0, 0, 0, 0, 0, 0, 0, 0, 0, 0, 0, 0, 0, 0, 0, 0, 0, 0, 0, 0, 0, 0, 0, 0, 0, 0, 0, 0, 0, 0, 0, 0, 0, 0, 0, 0, 0, 0, 0, 1, 0, 100, 100]
[100, 100, 100, 100, 100, 100, 100, 100, 100, 100, 100, 100, 100, 100, 100, 100, 100, 100, 100, 100, 100, 100, 100, 100, 100, 100, 100, 100, 100, 100, 100, 100, 100, 100, 100, 100, 100, 100, 100, 100, 100, 100, 100, 100, 0, 0, 0, 100, 100, 100, 100, 100, 100, 0, 0, 0, 0, 0, 0, 0, 0, 0, 0, 0, 0, 0, 0, 0, 0, 0, 0, 0, 0, 0, 0, 0, 100, 0, 100, 100]
[100, 100, 100, 100, 100, 100, 100, 100, 100, 100, 100, 100, 100, 100, 100, 100, 100, 100, 100, 100, 100, 100, 100, 100, 100, 100, 100, 100, 100, 100, 100, 100, 100, 100, 100, 100, 100, 100, 100, 100, 100, 100, 100, 100, 0, 0, 0, 100, 100, 100, 100, 100, 100, 0, 0, 0, 0, 0, 0, 0, 0, 0, 0, 0, 0, 0, 0, 0, 0, 0, 0, 0, 0, 0, 0, 0, 1, 0, 100, 100]
[100, 100, 100, 100, 100, 100, 100, 100, 100, 100, 100, 100, 100, 100, 100, 100, 100, 100, 100, 100, 100, 100, 100, 100, 100, 100, 100, 100, 100, 100, 100, 100, 100, 100, 100, 100, 100, 100, 100, 100, 100, 100, 100, 100, 0, 0, 0, 100, 100, 100, 100, 100, 100, 100, 100, 100, 100, 100, 100, 0, 0, 0, 0, 0, 0, 0, 0, 0, 0, 0, 0, 0, 0, 0, 0, 0, 100, 0, 100, 100]
[100, 100, 100, 100, 100, 100, 100, 100, 100, 100, 100, 100, 100, 100, 100, 100, 100, 100, 100, 100, 100, 100, 100, 100, 100, 100, 100, 100, 100, 100, 100, 100, 100, 100, 100, 100, 100, 100, 100, 100, 100, 100, 100, 100, 0, 0, 0, 100, 100, 100, 100, 100, 100, 100, 100, 100, 100, 100, 100, 0, 0, 0, 0, 0, 0, 0, 0, 0, 0, 0, 0, 0, 0, 0, 0, 0, 1, 0, 100, 100]
[100, 100, 100, 100, 100, 100, 100, 100, 100, 100, 100, 100, 100, 100, 100, 100, 100, 100, 100, 100, 100, 100, 100, 100, 100, 100, 100, 100, 100, 100, 100, 100, 100, 100, 100, 100, 100, 100, 100, 100, 100, 100, 100, 100, 100, 100, 100, 100, 100, 100, 100, 100, 100, 100, 100, 100, 100, 100, 100, 0, 0, 0, 0, 0, 0, 0, 0, 0, 0, 0, 0, 0, 0, 0, 0, 0, 100, 0, 100, 100]
[100, 100, 100, 100, 100, 100, 100, 100, 100, 100, 100, 100, 100, 100, 100, 100, 100, 100, 100, 100, 100, 100, 100, 100, 100, 100, 100, 100, 100, 100, 100, 100, 100, 100, 100, 100, 100, 100, 100, 100, 100, 100, 100, 100, 100, 100, 100, 100, 100, 100, 100, 100, 100, 100, 100, 100, 100, 100, 100, 0, 0, 0, 0, 0, 0, 0, 0, 0, 0, 0, 0, 0, 0, 0, 0, 0, 1, 0, 100, 100]
[100, 100, 100, 100, 100, 100, 100, 100, 100, 100, 100, 100, 100, 100, 100, 100, 100, 100, 100, 100, 100, 100, 100, 100, 100, 100, 100, 100, 100, 100, 100, 100, 100, 100, 100, 100, 100, 100, 100, 100, 100, 100, 100, 100, 100, 100, 100, 100, 100, 100, 100, 100, 100, 100, 100, 100, 100, 100, 100, 0, 0, 0, 0, 0, 0, 0, 0, 0, 0, 0, 0, 0, 0, 0, 0, 0, 100, 0, 100, 100]
[100, 100, 100, 100, 100, 100, 100, 100, 100, 100, 100, 100, 100, 100, 100, 100, 100, 100, 100, 100, 100, 100, 100, 100, 100, 100, 100, 100, 100, 100, 100, 100, 100, 100, 100, 100, 100, 100, 100, 100, 100, 100, 100, 100, 100, 100, 100, 100, 100, 100, 100, 100, 100, 100, 100, 100, 100, 100, 100, 0, 0, 0, 0, 0, 0, 0, 0, 0, 0, 0, 0, 0, 0, 0, 0, 0, 1, 0, 100, 100]
[100, 100, 100, 100, 100, 100, 100, 100, 100, 100, 100, 100, 100, 100, 100, 100, 100, 100, 100, 100, 100, 100, 100, 100, 100, 100, 100, 100, 100, 100, 100, 100, 100, 100, 100, 100, 100, 100, 100, 100, 100, 100, 100, 100, 100, 100, 100, 100, 100, 100, 100, 100, 100, 100, 100, 100, 100, 100, 100, 0, 0, 0, 0, 0, 0, 0, 0, 0, 0, 0, 0, 0, 0, 0, 0, 0, 100, 0, 100, 100]
[100, 100, 100, 100, 100, 100, 100, 100, 100, 100, 100, 100, 100, 100, 100, 100, 100, 100, 100, 100, 100, 100, 100, 100, 100, 100, 100, 100, 100, 100, 100, 100, 100, 100, 100, 100, 100, 100, 100, 100, 100, 100, 100, 100, 100, 100, 100, 100, 100, 100, 100, 100, 100, 100, 100, 100, 100, 100, 100, 0, 0, 0, 0, 0, 0, 0, 0, 0, 0, 0, 0, 0, 0, 0, 0, 0, 1, 0, 100, 100]
[100, 100, 100, 100, 100, 100, 100, 100, 100, 100, 100, 100, 100, 100, 100, 100, 100, 100, 100, 100, 100, 100, 100, 100, 100, 100, 100, 100, 100, 100, 100, 100, 100, 100, 100, 100, 100, 100, 100, 100, 100, 100, 100, 100, 100, 100, 100, 100, 100, 100, 100, 100, 100, 100, 100, 100, 100, 100, 100, 0, 0, 0, 0, 0, 0, 0, 100, 100, 100, 100, 0, 0, 0, 0, 0, 0, 100, 100, 100, 100]
[100, 100, 100, 100, 100, 100, 100, 100, 100, 100, 100, 100, 100, 100, 100, 100, 100, 100, 100, 100, 100, 100, 100, 100, 100, 100, 100, 100, 100, 100, 100, 100, 100, 100, 100, 100, 100, 100, 100, 100, 100, 100, 100, 100, 100, 100, 100, 100, 100, 100, 100, 100, 100, 100, 100, 100, 100, 100, 100, 0, 0, 0, 0, 0, 0, 0, 100, 100, 100, 100, 0, 0, 0, 0, 0, 0, 100, 100, 100, 100]
[100, 100, 100, 100, 100, 100, 100, 100, 100, 100, 100, 100, 100, 100, 100, 100, 100, 100, 100, 100, 100, 100, 100, 100, 100, 100, 100, 100, 100, 100, 100, 100, 100, 100, 100, 100, 100, 100, 100, 100, 100, 100, 100, 100, 100, 100, 100, 100, 100, 100, 100, 100, 100, 100, 100, 100, 100, 100, 100, 0, 0, 0, 0, 0, 0, 0, 100, 100, 100, 100, 0, 0, 0, 0, 0, 0, 100, 100, 100, 100]
[100, 100, 100, 100, 100, 100, 100, 100, 100, 100, 100, 100, 100, 100, 100, 100, 100, 100, 100, 100, 100, 100, 100, 100, 100, 100, 100, 100, 100, 100, 100, 100, 100, 100, 100, 100, 100, 100, 100, 100, 100, 100, 100, 100, 100, 100, 100, 100, 100, 100, 100, 100, 100, 100, 100, 100, 100, 100, 100, 100, 100, 100, 100, 100, 100, 100, 100, 100, 100, 100, 100, 100, 100, 100, 100, 100, 100, 100, 100, 100]
[100, 100, 100, 100, 100, 100, 100, 100, 100, 100, 100, 100, 100, 100, 100, 100, 100, 100, 100, 100, 100, 100, 100, 100, 100, 100, 100, 100, 100, 100, 100, 100, 100, 100, 100, 100, 100, 100, 100, 100, 100, 100, 100, 100, 100, 100, 100, 100, 100, 100, 100, 100, 100, 100, 100, 100, 100, 100, 100, 100, 100, 100, 100, 100, 100, 100, 100, 100, 100, 100, 100, 100, 100, 100, 100, 100, 100, 100, 100, 100]
[100, 100, 100, 100, 100, 100, 100, 100, 100, 100, 100, 100, 100, 100, 100, 100, 100, 100, 100, 100, 100, 100, 100, 100, 100, 100, 100, 100, 100, 100, 100, 100, 100, 100, 100, 100, 100, 100, 100, 100, 100, 100, 100, 100, 100, 100, 100, 100, 100, 100, 100, 100, 100, 100, 100, 100, 100, 100, 100, 100, 100, 100, 100, 100, 100, 100, 100, 100, 100, 100, 100, 100, 100, 100, 100, 100, 100, 100, 100, 100]
[100, 100, 100, 100, 100, 100, 100, 100, 100, 100, 100, 100, 100, 100, 100, 100, 100, 100, 100, 100, 100, 100, 100, 100, 100, 100, 100, 100, 100, 100, 100, 100, 100, 100, 100, 100, 100, 100, 100, 100, 100, 100, 100, 100, 100, 100, 100, 100, 100, 100, 100, 100, 100, 100, 100, 100, 100, 100, 100, 100, 100, 100, 100, 100, 100, 100, 100, 100, 100, 100, 100, 100, 100, 100, 100, 100, 100, 100, 100, 100]
[100, 100, 100, 100, 100, 100, 100, 100, 100, 100, 100, 100, 100, 100, 100, 100, 100, 100, 100, 100, 100, 100, 100, 100, 100, 100, 100, 100, 100, 100, 100, 100, 100, 100, 100, 100, 100, 100, 100, 100, 100, 100, 100, 100, 100, 100, 100, 100, 100, 100, 100, 100, 100, 100, 100, 100, 100, 100, 100, 100, 100, 100, 100, 100, 100, 100, 100, 100, 100, 100, 100, 100, 100, 100, 100, 100, 100, 100, 100, 100]
[100, 100, 100, 100, 100, 100, 100, 100, 100, 100, 100, 100, 100, 100, 100, 100, 100, 100, 100, 100, 100, 100, 100, 100, 100, 100, 100, 100, 100, 100, 100, 100, 100, 100, 100, 100, 100, 100, 100, 100, 100, 100, 100, 100, 100, 100, 100, 100, 100, 100, 100, 100, 100, 100, 100, 100, 100, 100, 100, 100, 100, 100, 100, 100, 100, 100, 100, 100, 100, 100, 100, 100, 100, 100, 100, 100, 100, 100, 100, 100]
[100, 100, 100, 100, 100, 100, 100, 100, 100, 100, 100, 100, 100, 100, 100, 100, 100, 100, 100, 100, 100, 100, 100, 100, 100, 100, 100, 100, 100, 100, 100, 100, 100, 100, 100, 100, 100, 100, 100, 100, 100, 100, 100, 100, 100, 100, 100, 100, 100, 100, 100, 100, 100, 100, 100, 100, 100, 100, 100, 100, 100, 100, 100, 100, 100, 100, 100, 100, 100, 100, 100, 100, 100, 100, 100, 100, 100, 100, 100, 100]
[100, 100, 100, 100, 100, 100, 100, 100, 100, 100, 100, 100, 100, 100, 100, 100, 100, 100, 100, 100, 100, 100, 100, 100, 100, 100, 100, 100, 100, 100, 100, 100, 100, 100, 100, 100, 100, 100, 100, 100, 100, 100, 100, 100, 100, 100, 100, 100, 100, 100, 100, 100, 100, 100, 100, 100, 100, 100, 100, 100, 100, 100, 100, 100, 100, 100, 100, 100, 100, 100, 100, 100, 100, 100, 100, 100, 100, 100, 100, 100]
[100, 100, 100, 100, 100, 100, 100, 100, 100, 100, 100, 100, 100, 100, 100, 100, 100, 100, 100, 100, 100, 100, 100, 100, 100, 100, 100, 100, 100, 100, 100, 100, 100, 100, 100, 100, 100, 100, 100, 100, 100, 100, 100, 100, 100, 100, 100, 100, 100, 100, 100, 100, 100, 100, 100, 100, 100, 100, 100, 100, 100, 100, 100, 100, 100, 100, 100, 100, 100, 100, 100, 100, 100, 100, 100, 100, 100, 100, 100, 100]
[100, 100, 100, 100, 100, 100, 100, 100, 100, 100, 100, 100, 100, 100, 100, 100, 100, 100, 100, 100, 100, 100, 100, 100, 100, 100, 100, 100, 100, 100, 100, 100, 100, 100, 100, 100, 100, 100, 100, 100, 100, 100, 100, 100, 100, 100, 100, 100, 100, 100, 100, 100, 100, 100, 100, 100, 100, 100, 100, 100, 100, 100, 100, 100, 100, 100, 100, 100, 100, 100, 100, 100, 100, 100, 100, 100, 100, 100, 100, 100]
[100, 100, 100, 100, 100, 100, 100, 100, 100, 100, 100, 100, 100, 100, 100, 100, 100, 100, 100, 100, 100, 100, 100, 100, 100, 100, 100, 100, 100, 100, 100, 100, 100, 100, 100, 100, 100, 100, 100, 100, 100, 100, 100, 100, 100, 100, 100, 100, 100, 100, 100, 100, 100, 100, 100, 100, 100, 100, 100, 100, 100, 100, 100, 100, 100, 100, 100, 100, 100, 100, 100, 100, 100, 100, 100, 100, 100, 100, 100, 100]
[100, 100, 100, 100, 100, 100, 100, 100, 100, 100, 100, 100, 100, 100, 100, 100, 100, 100, 100, 100, 100, 100, 100, 100, 100, 100, 100, 100, 100, 100, 100, 100, 100, 100, 100, 100, 100, 100, 100, 100, 100, 100, 100, 100, 100, 100, 100, 100, 100, 100, 100, 100, 100, 100, 100, 100, 100, 100, 100, 100, 100, 100, 100, 100, 100, 100, 100, 100, 100, 100, 100, 100, 100, 100, 100, 100, 100, 100, 100, 100]
---------simulation:0------------
ID:0
現在地:[2, 52]
改札:[14, 76]
経路:[(2, 52), (2, 53), (2, 54), (2, 55), (2, 56), (2, 57), (2, 58), (2, 59), (2, 60), (2, 61), (2, 62), (2, 63), (2, 64), (3, 65), (4, 66), (5, 67), (6, 68), (7, 69), (8, 70), (9, 71), (10, 72), (11, 73), (12, 74), (13, 75), (14, 76)]
衝突数:0
減速数:0
ID:1
現在地:[3, 74]
改札:[18, 76]
経路:[(3, 74), (3, 73), (4, 73), (5, 73), (6, 73), (7, 73), (8, 73), (9, 73), (10, 73), (11, 73), (12, 73), (13, 73), (14, 73), (15, 73), (16, 74), (17, 75), (18, 76)]
衝突数:0
減速数:0
ID:2
現在地:[20, 76]
改札:[3, 74]
経路:[(20, 76), (19, 75), (18, 74), (17, 73), (16, 73), (15, 73), (14, 73), (13, 73), (12, 73), (11, 73), (10, 73), (9, 73), (8, 73), (7, 73), (6, 73), (5, 73), (4, 73), (3, 73), (3, 74)]
衝突数:0
減速数:0
ID:3
現在地:[24, 76]
改札:[3, 74]
経路:[(24, 76), (23, 75), (22, 74), (21, 73), (20, 73), (19, 73), (18, 73), (17, 73), (16, 73), (15, 73), (14, 73), (13, 73), (12, 73), (11, 73), (10, 73), (9, 73), (8, 73), (7, 73), (6, 73), (5, 73), (4, 73), (3, 73), (3, 74)]
衝突数:0
減速数:0
ID:4
現在地:[2, 52]
改札:[18, 76]
経路:[(2, 52), (2, 53), (2, 54), (2, 55), (2, 56), (2, 57), (2, 58), (2, 59), (2, 60), (3, 61), (4, 62), (5, 63), (6, 64), (7, 65), (8, 66), (9, 67), (10, 68), (11, 69), (12, 70), (13, 71), (14, 72), (15, 73), (16, 74), (17, 75), (18, 76)]
衝突数:0
減速数:0
ID:5
現在地:[2, 74]
改札:[18, 76]
経路:[(2, 74), (2, 73), (3, 73), (4, 73), (5, 73), (6, 73), (7, 73), (8, 73), (9, 73), (10, 73), (11, 73), (12, 73), (13, 73), (14, 73), (15, 73), (16, 74), (17, 75), (18, 76)]
衝突数:0
減速数:0
ID:6
現在地:[24, 76]
改札:[2, 74]
経路:[(24, 76), (23, 75), (22, 74), (21, 73), (20, 73), (19, 73), (18, 73), (17, 73), (16, 73), (15, 73), (14, 73), (13, 73), (12, 73), (11, 73), (10, 73), (9, 73), (8, 73), (7, 73), (6, 73), (5, 73), (4, 73), (3, 73), (2, 73), (2, 74)]
衝突数:0
減速数:0
ID:7
現在地:[22, 76]
改札:[3, 74]
経路:[(22, 76), (21, 75), (20, 74), (19, 73), (18, 73), (17, 73), (16, 73), (15, 73), (14, 73), (13, 73), (12, 73), (11, 73), (10, 73), (9, 73), (8, 73), (7, 73), (6, 73), (5, 73), (4, 73), (3, 73), (3, 74)]
衝突数:0
減速数:0
ID:8
現在地:[24, 76]
改札:[6, 52]
経路:[(24, 76), (23, 75), (22, 74), (21, 73), (20, 72), (19, 71), (18, 70), (17, 69), (16, 68), (15, 67), (14, 66), (13, 65), (12, 64), (11, 63), (10, 62), (9, 61), (8, 60), (7, 59), (6, 58), (6, 57), (6, 56), (6, 55), (6, 54), (6, 53), (6, 52)]
衝突数:0
減速数:0
ID:9
現在地:[3, 19]
改札:[18, 76]
経路:[(3, 19), (3, 20), (3, 21), (3, 22), (3, 23), (3, 24), (3, 25), (3, 26), (3, 27), (3, 28), (3, 29), (3, 30), (3, 31), (3, 32), (3, 33), (3, 34), (3, 35), (3, 36), (4, 37), (5, 38), (6, 39), (7, 40), (8, 41), (8, 42), (8, 43), (8, 44), (8, 45), (8, 46), (8, 47), (8, 48), (8, 49), (8, 50), (8, 51), (8, 52), (8, 53), (8, 54), (8, 55), (8, 56), (8, 57), (8, 58), (8, 59), (8, 60), (8, 61), (8, 62), (8, 63), (8, 64), (8, 65), (8, 66), (9, 67), (10, 68), (11, 69), (12, 70), (13, 71), (14, 72), (15, 73), (16, 74), (17, 75), (18, 76)]
衝突数:0
減速数:0
---------simu: 1------------
ID:0
現在地:(2, 54)
改札:[14, 76]
経路:[(2, 55), (2, 56), (2, 57), (2, 58), (2, 59), (2, 60), (2, 61), (2, 62), (2, 63), (2, 64), (3, 65), (4, 66), (5, 67), (6, 68), (7, 69), (8, 70), (9, 71), (10, 72), (11, 73), (12, 74), (13, 75), (14, 76)]
衝突数:1
減速数:0
ID:1
現在地:(4, 73)
改札:[18, 76]
経路:[(5, 73), (6, 73), (7, 73), (8, 73), (9, 73), (10, 73), (11, 73), (12, 73), (13, 73), (14, 73), (15, 73), (16, 74), (17, 75), (18, 76)]
衝突数:0
減速数:0
ID:2
現在地:(18, 74)
改札:[3, 74]
経路:[(17, 73), (16, 73), (15, 73), (14, 73), (13, 73), (12, 73), (11, 73), (10, 73), (9, 73), (8, 73), (7, 73), (6, 73), (5, 73), (4, 73), (3, 73), (3, 74)]
衝突数:0
減速数:0
ID:3
現在地:(22, 74)
改札:[3, 74]
経路:[(21, 73), (20, 73), (19, 73), (18, 73), (17, 73), (16, 73), (15, 73), (14, 73), (13, 73), (12, 73), (11, 73), (10, 73), (9, 73), (8, 73), (7, 73), (6, 73), (5, 73), (4, 73), (3, 73), (3, 74)]
衝突数:0
減速数:0
ID:4
現在地:(2, 54)
改札:[18, 76]
経路:[(2, 55), (2, 56), (2, 57), (2, 58), (2, 59), (2, 60), (3, 61), (4, 62), (5, 63), (6, 64), (7, 65), (8, 66), (9, 67), (10, 68), (11, 69), (12, 70), (13, 71), (14, 72), (15, 73), (16, 74), (17, 75), (18, 76)]
衝突数:1
減速数:0
ID:5
現在地:(3, 73)
改札:[18, 76]
経路:[(4, 73), (5, 73), (6, 73), (7, 73), (8, 73), (9, 73), (10, 73), (11, 73), (12, 73), (13, 73), (14, 73), (15, 73), (16, 74), (17, 75), (18, 76)]
衝突数:0
減速数:0
ID:7
現在地:(20, 74)
改札:[3, 74]
経路:[(19, 73), (18, 73), (17, 73), (16, 73), (15, 73), (14, 73), (13, 73), (12, 73), (11, 73), (10, 73), (9, 73), (8, 73), (7, 73), (6, 73), (5, 73), (4, 73), (3, 73), (3, 74)]
衝突数:0
減速数:0
ID:9
現在地:(3, 21)
改札:[18, 76]
経路:[(3, 22), (3, 23), (3, 24), (3, 25), (3, 26), (3, 27), (3, 28), (3, 29), (3, 30), (3, 31), (3, 32), (3, 33), (3, 34), (3, 35), (3, 36), (4, 37), (5, 38), (6, 39), (7, 40), (8, 41), (8, 42), (8, 43), (8, 44), (8, 45), (8, 46), (8, 47), (8, 48), (8, 49), (8, 50), (8, 51), (8, 52), (8, 53), (8, 54), (8, 55), (8, 56), (8, 57), (8, 58), (8, 59), (8, 60), (8, 61), (8, 62), (8, 63), (8, 64), (8, 65), (8, 66), (9, 67), (10, 68), (11, 69), (12, 70), (13, 71), (14, 72), (15, 73), (16, 74), (17, 75), (18, 76)]
衝突数:0
減速数:0
ID:8
現在地:[4, 19]
改札:[12, 76]
経路:[(4, 19), (4, 20), (4, 21), (4, 22), (4, 23), (4, 24), (4, 25), (4, 26), (4, 27), (4, 28), (4, 29), (4, 30), (4, 31), (4, 32), (4, 33), (4, 34), (4, 35), (4, 36), (4, 37), (5, 38), (6, 39), (7, 40), (8, 41), (8, 42), (8, 43), (8, 44), (8, 45), (8, 46), (8, 47), (8, 48), (8, 49), (8, 50), (8, 51), (8, 52), (8, 53), (8, 54), (8, 55), (8, 56), (8, 57), (8, 58), (8, 59), (8, 60), (8, 61), (8, 62), (8, 63), (8, 64), (8, 65), (8, 66), (8, 67), (8, 68), (8, 69), (8, 70), (8, 71), (8, 72), (9, 73), (10, 74), (11, 75), (12, 76)]
衝突数:0
減速数:0
ID:11
現在地:[4, 74]
改札:[18, 76]
経路:[(4, 74), (4, 73), (5, 73), (6, 73), (7, 73), (8, 73), (9, 73), (10, 73), (11, 73), (12, 73), (13, 73), (14, 73), (15, 73), (16, 74), (17, 75), (18, 76)]
衝突数:0
減速数:0
ID:13
現在地:[4, 52]
改札:[14, 76]
経路:[(4, 52), (4, 53), (4, 54), (4, 55), (4, 56), (4, 57), (4, 58), (4, 59), (4, 60), (4, 61), (4, 62), (4, 63), (4, 64), (4, 65), (4, 66), (5, 67), (6, 68), (7, 69), (8, 70), (9, 71), (10, 72), (11, 73), (12, 74), (13, 75), (14, 76)]
衝突数:0
減速数:0
ID:15
現在地:[24, 76]
改札:[2, 52]
経路:[(24, 76), (23, 75), (22, 74), (21, 73), (20, 72), (19, 71), (18, 70), (17, 69), (16, 68), (15, 67), (14, 66), (13, 65), (12, 64), (11, 63), (10, 62), (9, 61), (8, 60), (7, 59), (6, 58), (5, 57), (4, 56), (3, 55), (2, 54), (2, 53), (2, 52)]
衝突数:0
減速数:0
ID:17
現在地:[20, 76]
改札:[9, 19]
経路:[(20, 76), (19, 75), (18, 74), (17, 73), (16, 72), (15, 71), (14, 70), (13, 69), (12, 68), (11, 67), (10, 66), (9, 65), (9, 64), (9, 63), (9, 62), (9, 61), (9, 60), (9, 59), (9, 58), (9, 57), (9, 56), (9, 55), (9, 54), (9, 53), (9, 52), (9, 51), (9, 50), (9, 49), (9, 48), (9, 47), (9, 46), (9, 45), (9, 44), (9, 43), (9, 42), (9, 41), (9, 40), (9, 39), (9, 38), (9, 37), (9, 36), (9, 35), (9, 34), (9, 33), (9, 32), (9, 31), (9, 30), (9, 29), (9, 28), (9, 27), (9, 26), (9, 25), (9, 24), (9, 23), (9, 22), (9, 21), (9, 20), (9, 19)]
衝突数:0
減速数:0
ID:21
現在地:[4, 74]
改札:[16, 76]
経路:[(4, 74), (4, 73), (5, 73), (6, 73), (7, 73), (8, 73), (9, 73), (10, 73), (11, 73), (12, 73), (13, 73), (14, 74), (15, 75), (16, 76)]
衝突数:0
減速数:0
ID:22
現在地:[22, 76]
改札:[3, 74]
経路:[(22, 76), (21, 75), (20, 74), (19, 73), (18, 73), (17, 73), (16, 73), (15, 73), (14, 73), (13, 73), (12, 73), (11, 73), (10, 73), (9, 73), (8, 73), (7, 73), (6, 73), (5, 73), (4, 73), (3, 73), (3, 74)]
衝突数:0
減速数:0
ID:24
現在地:[22, 76]
改札:[5, 74]
経路:[(22, 76), (21, 75), (20, 74), (19, 73), (18, 73), (17, 73), (16, 73), (15, 73), (14, 73), (13, 73), (12, 73), (11, 73), (10, 73), (9, 73), (8, 73), (7, 73), (6, 73), (5, 73), (5, 74)]
衝突数:0
減速数:0
ID:25
現在地:[22, 76]
改札:[8, 19]
経路:[(22, 76), (21, 75), (20, 74), (19, 73), (18, 72), (17, 71), (16, 70), (15, 69), (14, 68), (13, 67), (12, 66), (11, 65), (10, 64), (9, 63), (8, 62), (8, 61), (8, 60), (8, 59), (8, 58), (8, 57), (8, 56), (8, 55), (8, 54), (8, 53), (8, 52), (8, 51), (8, 50), (8, 49), (8, 48), (8, 47), (8, 46), (8, 45), (8, 44), (8, 43), (8, 42), (8, 41), (8, 40), (8, 39), (8, 38), (8, 37), (8, 36), (8, 35), (8, 34), (8, 33), (8, 32), (8, 31), (8, 30), (8, 29), (8, 28), (8, 27), (8, 26), (8, 25), (8, 24), (8, 23), (8, 22), (8, 21), (8, 20), (8, 19)]
衝突数:0
減速数:0
ID:26
現在地:[22, 76]
改札:[5, 74]
経路:[(22, 76), (21, 75), (20, 74), (19, 73), (18, 73), (17, 73), (16, 73), (15, 73), (14, 73), (13, 73), (12, 73), (11, 73), (10, 73), (9, 73), (8, 73), (7, 73), (6, 73), (5, 73), (5, 74)]
衝突数:0
減速数:0
ID:27
現在地:[22, 76]
改札:[9, 19]
経路:[(22, 76), (21, 75), (20, 74), (19, 73), (18, 72), (17, 71), (16, 70), (15, 69), (14, 68), (13, 67), (12, 66), (11, 65), (10, 64), (9, 63), (9, 62), (9, 61), (9, 60), (9, 59), (9, 58), (9, 57), (9, 56), (9, 55), (9, 54), (9, 53), (9, 52), (9, 51), (9, 50), (9, 49), (9, 48), (9, 47), (9, 46), (9, 45), (9, 44), (9, 43), (9, 42), (9, 41), (9, 40), (9, 39), (9, 38), (9, 37), (9, 36), (9, 35), (9, 34), (9, 33), (9, 32), (9, 31), (9, 30), (9, 29), (9, 28), (9, 27), (9, 26), (9, 25), (9, 24), (9, 23), (9, 22), (9, 21), (9, 20), (9, 19)]
衝突数:0
減速数:0
ID:30
現在地:[6, 74]
改札:[12, 76]
経路:[(6, 74), (6, 73), (7, 73), (8, 73), (9, 73), (10, 74), (11, 75), (12, 76)]
衝突数:0
減速数:0
ID:32
現在地:[4, 52]
改札:[14, 76]
経路:[(4, 52), (4, 53), (4, 54), (4, 55), (4, 56), (4, 57), (4, 58), (4, 59), (4, 60), (4, 61), (4, 62), (4, 63), (4, 64), (4, 65), (4, 66), (5, 67), (6, 68), (7, 69), (8, 70), (9, 71), (10, 72), (11, 73), (12, 74), (13, 75), (14, 76)]
衝突数:0
減速数:0
ID:33
現在地:[4, 19]
改札:[16, 76]
経路:[(4, 19), (4, 20), (4, 21), (4, 22), (4, 23), (4, 24), (4, 25), (4, 26), (4, 27), (4, 28), (4, 29), (4, 30), (4, 31), (4, 32), (4, 33), (4, 34), (4, 35), (4, 36), (4, 37), (5, 38), (6, 39), (7, 40), (8, 41), (8, 42), (8, 43), (8, 44), (8, 45), (8, 46), (8, 47), (8, 48), (8, 49), (8, 50), (8, 51), (8, 52), (8, 53), (8, 54), (8, 55), (8, 56), (8, 57), (8, 58), (8, 59), (8, 60), (8, 61), (8, 62), (8, 63), (8, 64), (8, 65), (8, 66), (8, 67), (8, 68), (9, 69), (10, 70), (11, 71), (12, 72), (13, 73), (14, 74), (15, 75), (16, 76)]
衝突数:0
減速数:0
ID:34
現在地:[4, 52]
改札:[18, 76]
経路:[(4, 52), (4, 53), (4, 54), (4, 55), (4, 56), (4, 57), (4, 58), (4, 59), (4, 60), (4, 61), (4, 62), (5, 63), (6, 64), (7, 65), (8, 66), (9, 67), (10, 68), (11, 69), (12, 70), (13, 71), (14, 72), (15, 73), (16, 74), (17, 75), (18, 76)]
衝突数:0
減速数:0
ID:36
現在地:[4, 19]
改札:[12, 76]
経路:[(4, 19), (4, 20), (4, 21), (4, 22), (4, 23), (4, 24), (4, 25), (4, 26), (4, 27), (4, 28), (4, 29), (4, 30), (4, 31), (4, 32), (4, 33), (4, 34), (4, 35), (4, 36), (4, 37), (5, 38), (6, 39), (7, 40), (8, 41), (8, 42), (8, 43), (8, 44), (8, 45), (8, 46), (8, 47), (8, 48), (8, 49), (8, 50), (8, 51), (8, 52), (8, 53), (8, 54), (8, 55), (8, 56), (8, 57), (8, 58), (8, 59), (8, 60), (8, 61), (8, 62), (8, 63), (8, 64), (8, 65), (8, 66), (8, 67), (8, 68), (8, 69), (8, 70), (8, 71), (8, 72), (9, 73), (10, 74), (11, 75), (12, 76)]
衝突数:0
減速数:0
ID:37
現在地:[20, 76]
改札:[3, 52]
経路:[(20, 76), (19, 75), (18, 74), (17, 73), (16, 72), (15, 71), (14, 70), (13, 69), (12, 68), (11, 67), (10, 66), (9, 65), (8, 64), (7, 63), (6, 62), (5, 61), (4, 60), (3, 59), (3, 58), (3, 57), (3, 56), (3, 55), (3, 54), (3, 53), (3, 52)]
衝突数:0
減速数:0
ID:38
現在地:[22, 76]
改札:[5, 74]
経路:[(22, 76), (21, 75), (20, 74), (19, 73), (18, 73), (17, 73), (16, 73), (15, 73), (14, 73), (13, 73), (12, 73), (11, 73), (10, 73), (9, 73), (8, 73), (7, 73), (6, 73), (5, 73), (5, 74)]
衝突数:0
減速数:0
ID:39
現在地:[20, 76]
改札:[2, 74]
経路:[(20, 76), (19, 75), (18, 74), (17, 73), (16, 73), (15, 73), (14, 73), (13, 73), (12, 73), (11, 73), (10, 73), (9, 73), (8, 73), (7, 73), (6, 73), (5, 73), (4, 73), (3, 73), (2, 73), (2, 74)]
衝突数:0
減速数:0
ID:40
現在地:[3, 19]
改札:[12, 76]
経路:[(3, 19), (3, 20), (3, 21), (3, 22), (3, 23), (3, 24), (3, 25), (3, 26), (3, 27), (3, 28), (3, 29), (3, 30), (3, 31), (3, 32), (3, 33), (3, 34), (3, 35), (3, 36), (4, 37), (5, 38), (6, 39), (7, 40), (8, 41), (8, 42), (8, 43), (8, 44), (8, 45), (8, 46), (8, 47), (8, 48), (8, 49), (8, 50), (8, 51), (8, 52), (8, 53), (8, 54), (8, 55), (8, 56), (8, 57), (8, 58), (8, 59), (8, 60), (8, 61), (8, 62), (8, 63), (8, 64), (8, 65), (8, 66), (8, 67), (8, 68), (8, 69), (8, 70), (8, 71), (8, 72), (9, 73), (10, 74), (11, 75), (12, 76)]
衝突数:0
減速数:0
ID:42
現在地:[24, 76]
改札:[6, 74]
経路:[(24, 76), (23, 75), (22, 74), (21, 73), (20, 73), (19, 73), (18, 73), (17, 73), (16, 73), (15, 73), (14, 73), (13, 73), (12, 73), (11, 73), (10, 73), (9, 73), (8, 73), (7, 73), (6, 73), (6, 74)]
衝突数:0
減速数:0
ID:44
現在地:[3, 74]
改札:[12, 76]
経路:[(3, 74), (3, 73), (4, 73), (5, 73), (6, 73), (7, 73), (8, 73), (9, 73), (10, 74), (11, 75), (12, 76)]
衝突数:0
減速数:0
ID:46
現在地:[5, 52]
改札:[12, 76]
経路:[(5, 52), (5, 53), (5, 54), (5, 55), (5, 56), (5, 57), (5, 58), (5, 59), (5, 60), (5, 61), (5, 62), (5, 63), (5, 64), (5, 65), (5, 66), (5, 67), (5, 68), (5, 69), (6, 70), (7, 71), (8, 72), (9, 73), (10, 74), (11, 75), (12, 76)]
衝突数:0
減速数:0
---------simu: 2------------
ID:0
現在地:(2, 57)
改札:[14, 76]
経路:[(2, 58), (2, 59), (2, 60), (2, 61), (2, 62), (2, 63), (2, 64), (3, 65), (4, 66), (5, 67), (6, 68), (7, 69), (8, 70), (9, 71), (10, 72), (11, 73), (12, 74), (13, 75), (14, 76)]
衝突数:2
減速数:0
ID:1
現在地:(7, 73)
改札:[18, 76]
経路:[(8, 73), (9, 73), (10, 73), (11, 73), (12, 73), (13, 73), (14, 73), (15, 73), (16, 74), (17, 75), (18, 76)]
衝突数:0
減速数:0
ID:2
現在地:(15, 73)
改札:[3, 74]
経路:[(14, 73), (13, 73), (12, 73), (11, 73), (10, 73), (9, 73), (8, 73), (7, 73), (6, 73), (5, 73), (4, 73), (3, 73), (3, 74)]
衝突数:0
減速数:0
ID:3
現在地:(19, 73)
改札:[3, 74]
経路:[(18, 73), (17, 73), (16, 73), (15, 73), (14, 73), (13, 73), (12, 73), (11, 73), (10, 73), (9, 73), (8, 73), (7, 73), (6, 73), (5, 73), (4, 73), (3, 73), (3, 74)]
衝突数:0
減速数:0
ID:4
現在地:(2, 57)
改札:[18, 76]
経路:[(2, 58), (2, 59), (2, 60), (3, 61), (4, 62), (5, 63), (6, 64), (7, 65), (8, 66), (9, 67), (10, 68), (11, 69), (12, 70), (13, 71), (14, 72), (15, 73), (16, 74), (17, 75), (18, 76)]
衝突数:2
減速数:0
ID:5
現在地:(6, 73)
改札:[18, 76]
経路:[(7, 73), (8, 73), (9, 73), (10, 73), (11, 73), (12, 73), (13, 73), (14, 73), (15, 73), (16, 74), (17, 75), (18, 76)]
衝突数:0
減速数:0
ID:7
現在地:(17, 73)
改札:[3, 74]
経路:[(16, 73), (15, 73), (14, 73), (13, 73), (12, 73), (11, 73), (10, 73), (9, 73), (8, 73), (7, 73), (6, 73), (5, 73), (4, 73), (3, 73), (3, 74)]
衝突数:0
減速数:0
ID:8
現在地:(4, 21)
改札:[12, 76]
経路:[(4, 22), (4, 23), (4, 24), (4, 25), (4, 26), (4, 27), (4, 28), (4, 29), (4, 30), (4, 31), (4, 32), (4, 33), (4, 34), (4, 35), (4, 36), (4, 37), (5, 38), (6, 39), (7, 40), (8, 41), (8, 42), (8, 43), (8, 44), (8, 45), (8, 46), (8, 47), (8, 48), (8, 49), (8, 50), (8, 51), (8, 52), (8, 53), (8, 54), (8, 55), (8, 56), (8, 57), (8, 58), (8, 59), (8, 60), (8, 61), (8, 62), (8, 63), (8, 64), (8, 65), (8, 66), (8, 67), (8, 68), (8, 69), (8, 70), (8, 71), (8, 72), (9, 73), (10, 74), (11, 75), (12, 76)]
衝突数:0
減速数:0
ID:9
現在地:(3, 24)
改札:[18, 76]
経路:[(3, 25), (3, 26), (3, 27), (3, 28), (3, 29), (3, 30), (3, 31), (3, 32), (3, 33), (3, 34), (3, 35), (3, 36), (4, 37), (5, 38), (6, 39), (7, 40), (8, 41), (8, 42), (8, 43), (8, 44), (8, 45), (8, 46), (8, 47), (8, 48), (8, 49), (8, 50), (8, 51), (8, 52), (8, 53), (8, 54), (8, 55), (8, 56), (8, 57), (8, 58), (8, 59), (8, 60), (8, 61), (8, 62), (8, 63), (8, 64), (8, 65), (8, 66), (9, 67), (10, 68), (11, 69), (12, 70), (13, 71), (14, 72), (15, 73), (16, 74), (17, 75), (18, 76)]
衝突数:0
減速数:0
ID:11
現在地:(5, 73)
改札:[18, 76]
経路:[(6, 73), (7, 73), (8, 73), (9, 73), (10, 73), (11, 73), (12, 73), (13, 73), (14, 73), (15, 73), (16, 74), (17, 75), (18, 76)]
衝突数:0
減速数:0
ID:13
現在地:(4, 54)
改札:[14, 76]
経路:[(4, 55), (4, 56), (4, 57), (4, 58), (4, 59), (4, 60), (4, 61), (4, 62), (4, 63), (4, 64), (4, 65), (4, 66), (5, 67), (6, 68), (7, 69), (8, 70), (9, 71), (10, 72), (11, 73), (12, 74), (13, 75), (14, 76)]
衝突数:0
減速数:0
ID:15
現在地:(22, 74)
改札:[2, 52]
経路:[(21, 73), (20, 72), (19, 71), (18, 70), (17, 69), (16, 68), (15, 67), (14, 66), (13, 65), (12, 64), (11, 63), (10, 62), (9, 61), (8, 60), (7, 59), (6, 58), (5, 57), (4, 56), (3, 55), (2, 54), (2, 53), (2, 52)]
衝突数:0
減速数:0
ID:17
現在地:(18, 74)
改札:[9, 19]
経路:[(17, 73), (16, 72), (15, 71), (14, 70), (13, 69), (12, 68), (11, 67), (10, 66), (9, 65), (9, 64), (9, 63), (9, 62), (9, 61), (9, 60), (9, 59), (9, 58), (9, 57), (9, 56), (9, 55), (9, 54), (9, 53), (9, 52), (9, 51), (9, 50), (9, 49), (9, 48), (9, 47), (9, 46), (9, 45), (9, 44), (9, 43), (9, 42), (9, 41), (9, 40), (9, 39), (9, 38), (9, 37), (9, 36), (9, 35), (9, 34), (9, 33), (9, 32), (9, 31), (9, 30), (9, 29), (9, 28), (9, 27), (9, 26), (9, 25), (9, 24), (9, 23), (9, 22), (9, 21), (9, 20), (9, 19)]
衝突数:0
減速数:0
ID:22
現在地:(20, 74)
改札:[3, 74]
経路:[(19, 73), (18, 73), (17, 73), (16, 73), (15, 73), (14, 73), (13, 73), (12, 73), (11, 73), (10, 73), (9, 73), (8, 73), (7, 73), (6, 73), (5, 73), (4, 73), (3, 73), (3, 74)]
衝突数:0
減速数:0
ID:30
現在地:(7, 73)
改札:[12, 76]
経路:[(8, 73), (9, 73), (10, 74), (11, 75), (12, 76)]
衝突数:0
減速数:0
ID:40
現在地:(3, 21)
改札:[12, 76]
経路:[(3, 22), (3, 23), (3, 24), (3, 25), (3, 26), (3, 27), (3, 28), (3, 29), (3, 30), (3, 31), (3, 32), (3, 33), (3, 34), (3, 35), (3, 36), (4, 37), (5, 38), (6, 39), (7, 40), (8, 41), (8, 42), (8, 43), (8, 44), (8, 45), (8, 46), (8, 47), (8, 48), (8, 49), (8, 50), (8, 51), (8, 52), (8, 53), (8, 54), (8, 55), (8, 56), (8, 57), (8, 58), (8, 59), (8, 60), (8, 61), (8, 62), (8, 63), (8, 64), (8, 65), (8, 66), (8, 67), (8, 68), (8, 69), (8, 70), (8, 71), (8, 72), (9, 73), (10, 74), (11, 75), (12, 76)]
衝突数:0
減速数:0
ID:44
現在地:(4, 73)
改札:[12, 76]
経路:[(5, 73), (6, 73), (7, 73), (8, 73), (9, 73), (10, 74), (11, 75), (12, 76)]
衝突数:0
減速数:0
ID:46
現在地:(5, 54)
改札:[12, 76]
経路:[(5, 55), (5, 56), (5, 57), (5, 58), (5, 59), (5, 60), (5, 61), (5, 62), (5, 63), (5, 64), (5, 65), (5, 66), (5, 67), (5, 68), (5, 69), (6, 70), (7, 71), (8, 72), (9, 73), (10, 74), (11, 75), (12, 76)]
衝突数:0
減速数:0
ID:18
現在地:[5, 74]
改札:[14, 76]
経路:[(5, 74), (5, 73), (6, 73), (7, 73), (8, 73), (9, 73), (10, 73), (11, 73), (12, 74), (13, 75), (14, 76)]
衝突数:0
減速数:0
ID:20
現在地:[2, 74]
改札:[12, 76]
経路:[(2, 74), (2, 73), (3, 73), (4, 73), (5, 73), (6, 73), (7, 73), (8, 73), (9, 73), (10, 74), (11, 75), (12, 76)]
衝突数:0
減速数:0
ID:23
現在地:[20, 76]
改札:[8, 19]
経路:[(20, 76), (19, 75), (18, 74), (17, 73), (16, 72), (15, 71), (14, 70), (13, 69), (12, 68), (11, 67), (10, 66), (9, 65), (8, 64), (8, 63), (8, 62), (8, 61), (8, 60), (8, 59), (8, 58), (8, 57), (8, 56), (8, 55), (8, 54), (8, 53), (8, 52), (8, 51), (8, 50), (8, 49), (8, 48), (8, 47), (8, 46), (8, 45), (8, 44), (8, 43), (8, 42), (8, 41), (8, 40), (8, 39), (8, 38), (8, 37), (8, 36), (8, 35), (8, 34), (8, 33), (8, 32), (8, 31), (8, 30), (8, 29), (8, 28), (8, 27), (8, 26), (8, 25), (8, 24), (8, 23), (8, 22), (8, 21), (8, 20), (8, 19)]
衝突数:0
減速数:0
ID:25
現在地:[20, 76]
改札:[6, 74]
経路:[(20, 76), (19, 75), (18, 74), (17, 73), (16, 73), (15, 73), (14, 73), (13, 73), (12, 73), (11, 73), (10, 73), (9, 73), (8, 73), (7, 73), (6, 73), (6, 74)]
衝突数:0
減速数:0
ID:27
現在地:[6, 74]
改札:[16, 76]
経路:[(6, 74), (6, 73), (7, 73), (8, 73), (9, 73), (10, 73), (11, 73), (12, 73), (13, 73), (14, 74), (15, 75), (16, 76)]
衝突数:0
減速数:0
ID:29
現在地:[7, 19]
改札:[16, 76]
経路:[(7, 19), (7, 20), (7, 21), (7, 22), (7, 23), (7, 24), (7, 25), (7, 26), (7, 27), (7, 28), (7, 29), (7, 30), (7, 31), (7, 32), (7, 33), (7, 34), (7, 35), (7, 36), (7, 37), (7, 38), (7, 39), (7, 40), (8, 41), (8, 42), (8, 43), (8, 44), (8, 45), (8, 46), (8, 47), (8, 48), (8, 49), (8, 50), (8, 51), (8, 52), (8, 53), (8, 54), (8, 55), (8, 56), (8, 57), (8, 58), (8, 59), (8, 60), (8, 61), (8, 62), (8, 63), (8, 64), (8, 65), (8, 66), (8, 67), (8, 68), (9, 69), (10, 70), (11, 71), (12, 72), (13, 73), (14, 74), (15, 75), (16, 76)]
衝突数:0
減速数:0
ID:32
現在地:[24, 76]
改札:[3, 74]
経路:[(24, 76), (23, 75), (22, 74), (21, 73), (20, 73), (19, 73), (18, 73), (17, 73), (16, 73), (15, 73), (14, 73), (13, 73), (12, 73), (11, 73), (10, 73), (9, 73), (8, 73), (7, 73), (6, 73), (5, 73), (4, 73), (3, 73), (3, 74)]
衝突数:0
減速数:0
ID:34
現在地:[3, 19]
改札:[12, 76]
経路:[(3, 19), (3, 20), (3, 21), (3, 22), (3, 23), (3, 24), (3, 25), (3, 26), (3, 27), (3, 28), (3, 29), (3, 30), (3, 31), (3, 32), (3, 33), (3, 34), (3, 35), (3, 36), (4, 37), (5, 38), (6, 39), (7, 40), (8, 41), (8, 42), (8, 43), (8, 44), (8, 45), (8, 46), (8, 47), (8, 48), (8, 49), (8, 50), (8, 51), (8, 52), (8, 53), (8, 54), (8, 55), (8, 56), (8, 57), (8, 58), (8, 59), (8, 60), (8, 61), (8, 62), (8, 63), (8, 64), (8, 65), (8, 66), (8, 67), (8, 68), (8, 69), (8, 70), (8, 71), (8, 72), (9, 73), (10, 74), (11, 75), (12, 76)]
衝突数:0
減速数:0
ID:36
現在地:[24, 76]
改札:[6, 74]
経路:[(24, 76), (23, 75), (22, 74), (21, 73), (20, 73), (19, 73), (18, 73), (17, 73), (16, 73), (15, 73), (14, 73), (13, 73), (12, 73), (11, 73), (10, 73), (9, 73), (8, 73), (7, 73), (6, 73), (6, 74)]
衝突数:0
減速数:0
ID:39
現在地:[22, 76]
改札:[6, 52]
経路:[(22, 76), (21, 75), (20, 74), (19, 73), (18, 72), (17, 71), (16, 70), (15, 69), (14, 68), (13, 67), (12, 66), (11, 65), (10, 64), (9, 63), (8, 62), (7, 61), (6, 60), (6, 59), (6, 58), (6, 57), (6, 56), (6, 55), (6, 54), (6, 53), (6, 52)]
衝突数:0
減速数:0
ID:43
現在地:[2, 52]
改札:[16, 76]
経路:[(2, 52), (2, 53), (2, 54), (2, 55), (2, 56), (2, 57), (2, 58), (2, 59), (2, 60), (2, 61), (2, 62), (3, 63), (4, 64), (5, 65), (6, 66), (7, 67), (8, 68), (9, 69), (10, 70), (11, 71), (12, 72), (13, 73), (14, 74), (15, 75), (16, 76)]
衝突数:0
減速数:0
ID:45
現在地:[24, 76]
改札:[6, 52]
経路:[(24, 76), (23, 75), (22, 74), (21, 73), (20, 72), (19, 71), (18, 70), (17, 69), (16, 68), (15, 67), (14, 66), (13, 65), (12, 64), (11, 63), (10, 62), (9, 61), (8, 60), (7, 59), (6, 58), (6, 57), (6, 56), (6, 55), (6, 54), (6, 53), (6, 52)]
衝突数:0
減速数:0
ID:46
現在地:[22, 76]
改札:[2, 74]
経路:[(22, 76), (21, 75), (20, 74), (19, 73), (18, 73), (17, 73), (16, 73), (15, 73), (14, 73), (13, 73), (12, 73), (11, 73), (10, 73), (9, 73), (8, 73), (7, 73), (6, 73), (5, 73), (4, 73), (3, 73), (2, 73), (2, 74)]
衝突数:0
減速数:0
ID:48
現在地:[24, 76]
改札:[2, 52]
経路:[(24, 76), (23, 75), (22, 74), (21, 73), (20, 72), (19, 71), (18, 70), (17, 69), (16, 68), (15, 67), (14, 66), (13, 65), (12, 64), (11, 63), (10, 62), (9, 61), (8, 60), (7, 59), (6, 58), (5, 57), (4, 56), (3, 55), (2, 54), (2, 53), (2, 52)]
衝突数:0
減速数:0
ID:49
現在地:[22, 76]
改札:[3, 74]
経路:[(22, 76), (21, 75), (20, 74), (19, 73), (18, 73), (17, 73), (16, 73), (15, 73), (14, 73), (13, 73), (12, 73), (11, 73), (10, 73), (9, 73), (8, 73), (7, 73), (6, 73), (5, 73), (4, 73), (3, 73), (3, 74)]
衝突数:0
減速数:0
ID:51
現在地:[22, 76]
改札:[3, 52]
経路:[(22, 76), (21, 75), (20, 74), (19, 73), (18, 72), (17, 71), (16, 70), (15, 69), (14, 68), (13, 67), (12, 66), (11, 65), (10, 64), (9, 63), (8, 62), (7, 61), (6, 60), (5, 59), (4, 58), (3, 57), (3, 56), (3, 55), (3, 54), (3, 53), (3, 52)]
衝突数:0
減速数:0
ID:52
現在地:[22, 76]
改札:[5, 74]
経路:[(22, 76), (21, 75), (20, 74), (19, 73), (18, 73), (17, 73), (16, 73), (15, 73), (14, 73), (13, 73), (12, 73), (11, 73), (10, 73), (9, 73), (8, 73), (7, 73), (6, 73), (5, 73), (5, 74)]
衝突数:0
減速数:0
ID:53
現在地:[20, 76]
改札:[9, 19]
経路:[(20, 76), (19, 75), (18, 74), (17, 73), (16, 72), (15, 71), (14, 70), (13, 69), (12, 68), (11, 67), (10, 66), (9, 65), (9, 64), (9, 63), (9, 62), (9, 61), (9, 60), (9, 59), (9, 58), (9, 57), (9, 56), (9, 55), (9, 54), (9, 53), (9, 52), (9, 51), (9, 50), (9, 49), (9, 48), (9, 47), (9, 46), (9, 45), (9, 44), (9, 43), (9, 42), (9, 41), (9, 40), (9, 39), (9, 38), (9, 37), (9, 36), (9, 35), (9, 34), (9, 33), (9, 32), (9, 31), (9, 30), (9, 29), (9, 28), (9, 27), (9, 26), (9, 25), (9, 24), (9, 23), (9, 22), (9, 21), (9, 20), (9, 19)]
衝突数:0
減速数:0
ID:54
現在地:[22, 76]
改札:[9, 19]
経路:[(22, 76), (21, 75), (20, 74), (19, 73), (18, 72), (17, 71), (16, 70), (15, 69), (14, 68), (13, 67), (12, 66), (11, 65), (10, 64), (9, 63), (9, 62), (9, 61), (9, 60), (9, 59), (9, 58), (9, 57), (9, 56), (9, 55), (9, 54), (9, 53), (9, 52), (9, 51), (9, 50), (9, 49), (9, 48), (9, 47), (9, 46), (9, 45), (9, 44), (9, 43), (9, 42), (9, 41), (9, 40), (9, 39), (9, 38), (9, 37), (9, 36), (9, 35), (9, 34), (9, 33), (9, 32), (9, 31), (9, 30), (9, 29), (9, 28), (9, 27), (9, 26), (9, 25), (9, 24), (9, 23), (9, 22), (9, 21), (9, 20), (9, 19)]
衝突数:0
減速数:0
ID:55
現在地:[24, 76]
改札:[8, 19]
経路:[(24, 76), (23, 75), (22, 74), (21, 73), (20, 72), (19, 71), (18, 70), (17, 69), (16, 68), (15, 67), (14, 66), (13, 65), (12, 64), (11, 63), (10, 62), (9, 61), (8, 60), (8, 59), (8, 58), (8, 57), (8, 56), (8, 55), (8, 54), (8, 53), (8, 52), (8, 51), (8, 50), (8, 49), (8, 48), (8, 47), (8, 46), (8, 45), (8, 44), (8, 43), (8, 42), (8, 41), (8, 40), (8, 39), (8, 38), (8, 37), (8, 36), (8, 35), (8, 34), (8, 33), (8, 32), (8, 31), (8, 30), (8, 29), (8, 28), (8, 27), (8, 26), (8, 25), (8, 24), (8, 23), (8, 22), (8, 21), (8, 20), (8, 19)]
衝突数:0
減速数:0
ID:56
現在地:[22, 76]
改札:[6, 74]
経路:[(22, 76), (21, 75), (20, 74), (19, 73), (18, 73), (17, 73), (16, 73), (15, 73), (14, 73), (13, 73), (12, 73), (11, 73), (10, 73), (9, 73), (8, 73), (7, 73), (6, 73), (6, 74)]
衝突数:0
減速数:0
---------simu: 3------------
ID:0
現在地:(2, 60)
改札:[14, 76]
経路:[(2, 61), (2, 62), (2, 63), (2, 64), (3, 65), (4, 66), (5, 67), (6, 68), (7, 69), (8, 70), (9, 71), (10, 72), (11, 73), (12, 74), (13, 75), (14, 76)]
衝突数:3
減速数:0
ID:1
現在地:(10, 73)
改札:[18, 76]
経路:[(11, 73), (12, 73), (13, 73), (14, 73), (15, 73), (16, 74), (17, 75), (18, 76)]
衝突数:1
減速数:0
ID:2
現在地:(12, 73)
改札:[3, 74]
経路:[(11, 73), (10, 73), (9, 73), (8, 73), (7, 73), (6, 73), (5, 73), (4, 73), (3, 73), (3, 74)]
衝突数:0
減速数:0
ID:3
現在地:(16, 73)
改札:[3, 74]
経路:[(15, 73), (14, 73), (13, 73), (12, 73), (11, 73), (10, 73), (9, 73), (8, 73), (7, 73), (6, 73), (5, 73), (4, 73), (3, 73), (3, 74)]
衝突数:0
減速数:0
ID:4
現在地:(2, 60)
改札:[18, 76]
経路:[(3, 61), (4, 62), (5, 63), (6, 64), (7, 65), (8, 66), (9, 67), (10, 68), (11, 69), (12, 70), (13, 71), (14, 72), (15, 73), (16, 74), (17, 75), (18, 76)]
衝突数:3
減速数:0
ID:5
現在地:(9, 73)
改札:[18, 76]
経路:[(10, 73), (11, 73), (12, 73), (13, 73), (14, 73), (15, 73), (16, 74), (17, 75), (18, 76)]
衝突数:0
減速数:0
ID:7
現在地:(16, 73)
改札:[3, 74]
経路:[(15, 73), (14, 73), (13, 73), (12, 73), (11, 73), (10, 73), (9, 73), (8, 73), (7, 73), (6, 73), (5, 73), (4, 73), (3, 73), (3, 74)]
衝突数:0
減速数:1
ID:8
現在地:(4, 24)
改札:[12, 76]
経路:[(4, 25), (4, 26), (4, 27), (4, 28), (4, 29), (4, 30), (4, 31), (4, 32), (4, 33), (4, 34), (4, 35), (4, 36), (4, 37), (5, 38), (6, 39), (7, 40), (8, 41), (8, 42), (8, 43), (8, 44), (8, 45), (8, 46), (8, 47), (8, 48), (8, 49), (8, 50), (8, 51), (8, 52), (8, 53), (8, 54), (8, 55), (8, 56), (8, 57), (8, 58), (8, 59), (8, 60), (8, 61), (8, 62), (8, 63), (8, 64), (8, 65), (8, 66), (8, 67), (8, 68), (8, 69), (8, 70), (8, 71), (8, 72), (9, 73), (10, 74), (11, 75), (12, 76)]
衝突数:0
減速数:0
ID:9
現在地:(3, 27)
改札:[18, 76]
経路:[(3, 28), (3, 29), (3, 30), (3, 31), (3, 32), (3, 33), (3, 34), (3, 35), (3, 36), (4, 37), (5, 38), (6, 39), (7, 40), (8, 41), (8, 42), (8, 43), (8, 44), (8, 45), (8, 46), (8, 47), (8, 48), (8, 49), (8, 50), (8, 51), (8, 52), (8, 53), (8, 54), (8, 55), (8, 56), (8, 57), (8, 58), (8, 59), (8, 60), (8, 61), (8, 62), (8, 63), (8, 64), (8, 65), (8, 66), (9, 67), (10, 68), (11, 69), (12, 70), (13, 71), (14, 72), (15, 73), (16, 74), (17, 75), (18, 76)]
衝突数:0
減速数:0
ID:11
現在地:(8, 73)
改札:[18, 76]
経路:[(9, 73), (10, 73), (11, 73), (12, 73), (13, 73), (14, 73), (15, 73), (16, 74), (17, 75), (18, 76)]
衝突数:0
減速数:0
ID:13
現在地:(4, 57)
改札:[14, 76]
経路:[(4, 58), (4, 59), (4, 60), (4, 61), (4, 62), (4, 63), (4, 64), (4, 65), (4, 66), (5, 67), (6, 68), (7, 69), (8, 70), (9, 71), (10, 72), (11, 73), (12, 74), (13, 75), (14, 76)]
衝突数:0
減速数:0
ID:15
現在地:(19, 71)
改札:[2, 52]
経路:[(18, 70), (17, 69), (16, 68), (15, 67), (14, 66), (13, 65), (12, 64), (11, 63), (10, 62), (9, 61), (8, 60), (7, 59), (6, 58), (5, 57), (4, 56), (3, 55), (2, 54), (2, 53), (2, 52)]
衝突数:0
減速数:0
ID:17
現在地:(15, 71)
改札:[9, 19]
経路:[(14, 70), (13, 69), (12, 68), (11, 67), (10, 66), (9, 65), (9, 64), (9, 63), (9, 62), (9, 61), (9, 60), (9, 59), (9, 58), (9, 57), (9, 56), (9, 55), (9, 54), (9, 53), (9, 52), (9, 51), (9, 50), (9, 49), (9, 48), (9, 47), (9, 46), (9, 45), (9, 44), (9, 43), (9, 42), (9, 41), (9, 40), (9, 39), (9, 38), (9, 37), (9, 36), (9, 35), (9, 34), (9, 33), (9, 32), (9, 31), (9, 30), (9, 29), (9, 28), (9, 27), (9, 26), (9, 25), (9, 24), (9, 23), (9, 22), (9, 21), (9, 20), (9, 19)]
衝突数:0
減速数:0
ID:18
現在地:(5, 74)
改札:[14, 76]
経路:[(5, 73), (6, 73), (7, 73), (8, 73), (9, 73), (10, 73), (11, 73), (12, 74), (13, 75), (14, 76)]
衝突数:0
減速数:1
ID:20
現在地:(3, 73)
改札:[12, 76]
経路:[(4, 73), (5, 73), (6, 73), (7, 73), (8, 73), (9, 73), (10, 74), (11, 75), (12, 76)]
衝突数:0
減速数:0
ID:22
現在地:(17, 73)
改札:[3, 74]
経路:[(16, 73), (15, 73), (14, 73), (13, 73), (12, 73), (11, 73), (10, 73), (9, 73), (8, 73), (7, 73), (6, 73), (5, 73), (4, 73), (3, 73), (3, 74)]
衝突数:0
減速数:0
ID:23
現在地:(18, 74)
改札:[8, 19]
経路:[(17, 73), (16, 72), (15, 71), (14, 70), (13, 69), (12, 68), (11, 67), (10, 66), (9, 65), (8, 64), (8, 63), (8, 62), (8, 61), (8, 60), (8, 59), (8, 58), (8, 57), (8, 56), (8, 55), (8, 54), (8, 53), (8, 52), (8, 51), (8, 50), (8, 49), (8, 48), (8, 47), (8, 46), (8, 45), (8, 44), (8, 43), (8, 42), (8, 41), (8, 40), (8, 39), (8, 38), (8, 37), (8, 36), (8, 35), (8, 34), (8, 33), (8, 32), (8, 31), (8, 30), (8, 29), (8, 28), (8, 27), (8, 26), (8, 25), (8, 24), (8, 23), (8, 22), (8, 21), (8, 20), (8, 19)]
衝突数:0
減速数:0
ID:27
現在地:(7, 73)
改札:[16, 76]
経路:[(8, 73), (9, 73), (10, 73), (11, 73), (12, 73), (13, 73), (14, 74), (15, 75), (16, 76)]
衝突数:0
減速数:0
ID:29
現在地:(7, 21)
改札:[16, 76]
経路:[(7, 22), (7, 23), (7, 24), (7, 25), (7, 26), (7, 27), (7, 28), (7, 29), (7, 30), (7, 31), (7, 32), (7, 33), (7, 34), (7, 35), (7, 36), (7, 37), (7, 38), (7, 39), (7, 40), (8, 41), (8, 42), (8, 43), (8, 44), (8, 45), (8, 46), (8, 47), (8, 48), (8, 49), (8, 50), (8, 51), (8, 52), (8, 53), (8, 54), (8, 55), (8, 56), (8, 57), (8, 58), (8, 59), (8, 60), (8, 61), (8, 62), (8, 63), (8, 64), (8, 65), (8, 66), (8, 67), (8, 68), (9, 69), (10, 70), (11, 71), (12, 72), (13, 73), (14, 74), (15, 75), (16, 76)]
衝突数:0
減速数:0
ID:30
現在地:(10, 74)
改札:[12, 76]
経路:[(11, 75), (12, 76)]
衝突数:1
減速数:0
ID:32
現在地:(22, 74)
改札:[3, 74]
経路:[(21, 73), (20, 73), (19, 73), (18, 73), (17, 73), (16, 73), (15, 73), (14, 73), (13, 73), (12, 73), (11, 73), (10, 73), (9, 73), (8, 73), (7, 73), (6, 73), (5, 73), (4, 73), (3, 73), (3, 74)]
衝突数:0
減速数:0
ID:34
現在地:(3, 21)
改札:[12, 76]
経路:[(3, 22), (3, 23), (3, 24), (3, 25), (3, 26), (3, 27), (3, 28), (3, 29), (3, 30), (3, 31), (3, 32), (3, 33), (3, 34), (3, 35), (3, 36), (4, 37), (5, 38), (6, 39), (7, 40), (8, 41), (8, 42), (8, 43), (8, 44), (8, 45), (8, 46), (8, 47), (8, 48), (8, 49), (8, 50), (8, 51), (8, 52), (8, 53), (8, 54), (8, 55), (8, 56), (8, 57), (8, 58), (8, 59), (8, 60), (8, 61), (8, 62), (8, 63), (8, 64), (8, 65), (8, 66), (8, 67), (8, 68), (8, 69), (8, 70), (8, 71), (8, 72), (9, 73), (10, 74), (11, 75), (12, 76)]
衝突数:0
減速数:0
ID:39
現在地:(20, 74)
改札:[6, 52]
経路:[(19, 73), (18, 72), (17, 71), (16, 70), (15, 69), (14, 68), (13, 67), (12, 66), (11, 65), (10, 64), (9, 63), (8, 62), (7, 61), (6, 60), (6, 59), (6, 58), (6, 57), (6, 56), (6, 55), (6, 54), (6, 53), (6, 52)]
衝突数:0
減速数:0
ID:40
現在地:(3, 24)
改札:[12, 76]
経路:[(3, 25), (3, 26), (3, 27), (3, 28), (3, 29), (3, 30), (3, 31), (3, 32), (3, 33), (3, 34), (3, 35), (3, 36), (4, 37), (5, 38), (6, 39), (7, 40), (8, 41), (8, 42), (8, 43), (8, 44), (8, 45), (8, 46), (8, 47), (8, 48), (8, 49), (8, 50), (8, 51), (8, 52), (8, 53), (8, 54), (8, 55), (8, 56), (8, 57), (8, 58), (8, 59), (8, 60), (8, 61), (8, 62), (8, 63), (8, 64), (8, 65), (8, 66), (8, 67), (8, 68), (8, 69), (8, 70), (8, 71), (8, 72), (9, 73), (10, 74), (11, 75), (12, 76)]
衝突数:0
減速数:0
ID:43
現在地:(2, 54)
改札:[16, 76]
経路:[(2, 55), (2, 56), (2, 57), (2, 58), (2, 59), (2, 60), (2, 61), (2, 62), (3, 63), (4, 64), (5, 65), (6, 66), (7, 67), (8, 68), (9, 69), (10, 70), (11, 71), (12, 72), (13, 73), (14, 74), (15, 75), (16, 76)]
衝突数:0
減速数:0
ID:44
現在地:(7, 73)
改札:[12, 76]
経路:[(8, 73), (9, 73), (10, 74), (11, 75), (12, 76)]
衝突数:0
減速数:0
ID:46
現在地:(5, 57)
改札:[12, 76]
経路:[(5, 58), (5, 59), (5, 60), (5, 61), (5, 62), (5, 63), (5, 64), (5, 65), (5, 66), (5, 67), (5, 68), (5, 69), (6, 70), (7, 71), (8, 72), (9, 73), (10, 74), (11, 75), (12, 76)]
衝突数:0
減速数:0
ID:27
現在地:[20, 76]
改札:[4, 74]
経路:[(20, 76), (19, 75), (18, 74), (17, 73), (16, 73), (15, 73), (14, 73), (13, 73), (12, 73), (11, 73), (10, 73), (9, 73), (8, 73), (7, 73), (6, 73), (5, 73), (4, 73), (4, 74)]
衝突数:0
減速数:0
ID:31
現在地:[22, 76]
改札:[6, 74]
経路:[(22, 76), (21, 75), (20, 74), (19, 73), (18, 73), (17, 73), (16, 73), (15, 73), (14, 73), (13, 73), (12, 73), (11, 73), (10, 73), (9, 73), (8, 73), (7, 73), (6, 73), (6, 74)]
衝突数:0
減速数:0
ID:33
現在地:[6, 19]
改札:[14, 76]
経路:[(6, 19), (6, 20), (6, 21), (6, 22), (6, 23), (6, 24), (6, 25), (6, 26), (6, 27), (6, 28), (6, 29), (6, 30), (6, 31), (6, 32), (6, 33), (6, 34), (6, 35), (6, 36), (6, 37), (6, 38), (6, 39), (7, 40), (8, 41), (8, 42), (8, 43), (8, 44), (8, 45), (8, 46), (8, 47), (8, 48), (8, 49), (8, 50), (8, 51), (8, 52), (8, 53), (8, 54), (8, 55), (8, 56), (8, 57), (8, 58), (8, 59), (8, 60), (8, 61), (8, 62), (8, 63), (8, 64), (8, 65), (8, 66), (8, 67), (8, 68), (8, 69), (8, 70), (9, 71), (10, 72), (11, 73), (12, 74), (13, 75), (14, 76)]
衝突数:0
減速数:0
ID:35
現在地:[4, 19]
改札:[12, 76]
経路:[(4, 19), (4, 20), (4, 21), (4, 22), (4, 23), (4, 24), (4, 25), (4, 26), (4, 27), (4, 28), (4, 29), (4, 30), (4, 31), (4, 32), (4, 33), (4, 34), (4, 35), (4, 36), (4, 37), (5, 38), (6, 39), (7, 40), (8, 41), (8, 42), (8, 43), (8, 44), (8, 45), (8, 46), (8, 47), (8, 48), (8, 49), (8, 50), (8, 51), (8, 52), (8, 53), (8, 54), (8, 55), (8, 56), (8, 57), (8, 58), (8, 59), (8, 60), (8, 61), (8, 62), (8, 63), (8, 64), (8, 65), (8, 66), (8, 67), (8, 68), (8, 69), (8, 70), (8, 71), (8, 72), (9, 73), (10, 74), (11, 75), (12, 76)]
衝突数:0
減速数:0
ID:38
現在地:[22, 76]
改札:[6, 52]
経路:[(22, 76), (21, 75), (20, 74), (19, 73), (18, 72), (17, 71), (16, 70), (15, 69), (14, 68), (13, 67), (12, 66), (11, 65), (10, 64), (9, 63), (8, 62), (7, 61), (6, 60), (6, 59), (6, 58), (6, 57), (6, 56), (6, 55), (6, 54), (6, 53), (6, 52)]
衝突数:0
減速数:0
ID:40
現在地:[4, 74]
改札:[18, 76]
経路:[(4, 74), (4, 73), (5, 73), (6, 73), (7, 73), (8, 73), (9, 73), (10, 73), (11, 73), (12, 73), (13, 73), (14, 73), (15, 73), (16, 74), (17, 75), (18, 76)]
衝突数:0
減速数:0
ID:42
現在地:[22, 76]
改札:[5, 74]
経路:[(22, 76), (21, 75), (20, 74), (19, 73), (18, 73), (17, 73), (16, 73), (15, 73), (14, 73), (13, 73), (12, 73), (11, 73), (10, 73), (9, 73), (8, 73), (7, 73), (6, 73), (5, 73), (5, 74)]
衝突数:0
減速数:0
ID:43
現在地:[24, 76]
改札:[6, 52]
経路:[(24, 76), (23, 75), (22, 74), (21, 73), (20, 72), (19, 71), (18, 70), (17, 69), (16, 68), (15, 67), (14, 66), (13, 65), (12, 64), (11, 63), (10, 62), (9, 61), (8, 60), (7, 59), (6, 58), (6, 57), (6, 56), (6, 55), (6, 54), (6, 53), (6, 52)]
衝突数:0
減速数:0
ID:46
現在地:[22, 76]
改札:[6, 52]
経路:[(22, 76), (21, 75), (20, 74), (19, 73), (18, 72), (17, 71), (16, 70), (15, 69), (14, 68), (13, 67), (12, 66), (11, 65), (10, 64), (9, 63), (8, 62), (7, 61), (6, 60), (6, 59), (6, 58), (6, 57), (6, 56), (6, 55), (6, 54), (6, 53), (6, 52)]
衝突数:0
減速数:0
ID:47
現在地:[5, 74]
改札:[14, 76]
経路:[(5, 74), (5, 73), (6, 73), (7, 73), (8, 73), (9, 73), (10, 73), (11, 73), (12, 74), (13, 75), (14, 76)]
衝突数:0
減速数:0
ID:48
現在地:[20, 76]
改札:[4, 52]
経路:[(20, 76), (19, 75), (18, 74), (17, 73), (16, 72), (15, 71), (14, 70), (13, 69), (12, 68), (11, 67), (10, 66), (9, 65), (8, 64), (7, 63), (6, 62), (5, 61), (4, 60), (4, 59), (4, 58), (4, 57), (4, 56), (4, 55), (4, 54), (4, 53), (4, 52)]
衝突数:0
減速数:0
ID:49
現在地:[20, 76]
改札:[6, 52]
経路:[(20, 76), (19, 75), (18, 74), (17, 73), (16, 72), (15, 71), (14, 70), (13, 69), (12, 68), (11, 67), (10, 66), (9, 65), (8, 64), (7, 63), (6, 62), (6, 61), (6, 60), (6, 59), (6, 58), (6, 57), (6, 56), (6, 55), (6, 54), (6, 53), (6, 52)]
衝突数:0
減速数:0
ID:50
現在地:[22, 76]
改札:[3, 52]
経路:[(22, 76), (21, 75), (20, 74), (19, 73), (18, 72), (17, 71), (16, 70), (15, 69), (14, 68), (13, 67), (12, 66), (11, 65), (10, 64), (9, 63), (8, 62), (7, 61), (6, 60), (5, 59), (4, 58), (3, 57), (3, 56), (3, 55), (3, 54), (3, 53), (3, 52)]
衝突数:0
減速数:0
ID:51
現在地:[22, 76]
改札:[2, 52]
経路:[(22, 76), (21, 75), (20, 74), (19, 73), (18, 72), (17, 71), (16, 70), (15, 69), (14, 68), (13, 67), (12, 66), (11, 65), (10, 64), (9, 63), (8, 62), (7, 61), (6, 60), (5, 59), (4, 58), (3, 57), (2, 56), (2, 55), (2, 54), (2, 53), (2, 52)]
衝突数:0
減速数:0
ID:52
現在地:[5, 19]
改札:[14, 76]
経路:[(5, 19), (5, 20), (5, 21), (5, 22), (5, 23), (5, 24), (5, 25), (5, 26), (5, 27), (5, 28), (5, 29), (5, 30), (5, 31), (5, 32), (5, 33), (5, 34), (5, 35), (5, 36), (5, 37), (5, 38), (6, 39), (7, 40), (8, 41), (8, 42), (8, 43), (8, 44), (8, 45), (8, 46), (8, 47), (8, 48), (8, 49), (8, 50), (8, 51), (8, 52), (8, 53), (8, 54), (8, 55), (8, 56), (8, 57), (8, 58), (8, 59), (8, 60), (8, 61), (8, 62), (8, 63), (8, 64), (8, 65), (8, 66), (8, 67), (8, 68), (8, 69), (8, 70), (9, 71), (10, 72), (11, 73), (12, 74), (13, 75), (14, 76)]
衝突数:0
減速数:0
ID:54
現在地:[22, 76]
改札:[2, 74]
経路:[(22, 76), (21, 75), (20, 74), (19, 73), (18, 73), (17, 73), (16, 73), (15, 73), (14, 73), (13, 73), (12, 73), (11, 73), (10, 73), (9, 73), (8, 73), (7, 73), (6, 73), (5, 73), (4, 73), (3, 73), (2, 73), (2, 74)]
衝突数:0
減速数:0
ID:55
現在地:[2, 52]
改札:[14, 76]
経路:[(2, 52), (2, 53), (2, 54), (2, 55), (2, 56), (2, 57), (2, 58), (2, 59), (2, 60), (2, 61), (2, 62), (2, 63), (2, 64), (3, 65), (4, 66), (5, 67), (6, 68), (7, 69), (8, 70), (9, 71), (10, 72), (11, 73), (12, 74), (13, 75), (14, 76)]
衝突数:0
減速数:0
ID:57
現在地:[24, 76]
改札:[3, 74]
経路:[(24, 76), (23, 75), (22, 74), (21, 73), (20, 73), (19, 73), (18, 73), (17, 73), (16, 73), (15, 73), (14, 73), (13, 73), (12, 73), (11, 73), (10, 73), (9, 73), (8, 73), (7, 73), (6, 73), (5, 73), (4, 73), (3, 73), (3, 74)]
衝突数:0
減速数:0
ID:58
現在地:[24, 76]
改札:[5, 74]
経路:[(24, 76), (23, 75), (22, 74), (21, 73), (20, 73), (19, 73), (18, 73), (17, 73), (16, 73), (15, 73), (14, 73), (13, 73), (12, 73), (11, 73), (10, 73), (9, 73), (8, 73), (7, 73), (6, 73), (5, 73), (5, 74)]
衝突数:0
減速数:0
ID:59
現在地:[24, 76]
改札:[8, 19]
経路:[(24, 76), (23, 75), (22, 74), (21, 73), (20, 72), (19, 71), (18, 70), (17, 69), (16, 68), (15, 67), (14, 66), (13, 65), (12, 64), (11, 63), (10, 62), (9, 61), (8, 60), (8, 59), (8, 58), (8, 57), (8, 56), (8, 55), (8, 54), (8, 53), (8, 52), (8, 51), (8, 50), (8, 49), (8, 48), (8, 47), (8, 46), (8, 45), (8, 44), (8, 43), (8, 42), (8, 41), (8, 40), (8, 39), (8, 38), (8, 37), (8, 36), (8, 35), (8, 34), (8, 33), (8, 32), (8, 31), (8, 30), (8, 29), (8, 28), (8, 27), (8, 26), (8, 25), (8, 24), (8, 23), (8, 22), (8, 21), (8, 20), (8, 19)]
衝突数:0
減速数:0
ID:61
現在地:[3, 74]
改札:[18, 76]
経路:[(3, 74), (3, 73), (4, 73), (5, 73), (6, 73), (7, 73), (8, 73), (9, 73), (10, 73), (11, 73), (12, 73), (13, 73), (14, 73), (15, 73), (16, 74), (17, 75), (18, 76)]
衝突数:0
減速数:0
ID:63
現在地:[4, 52]
改札:[16, 76]
経路:[(4, 52), (4, 53), (4, 54), (4, 55), (4, 56), (4, 57), (4, 58), (4, 59), (4, 60), (4, 61), (4, 62), (4, 63), (4, 64), (5, 65), (6, 66), (7, 67), (8, 68), (9, 69), (10, 70), (11, 71), (12, 72), (13, 73), (14, 74), (15, 75), (16, 76)]
衝突数:0
減速数:0
ID:66
現在地:[20, 76]
改札:[9, 19]
経路:[(20, 76), (19, 75), (18, 74), (17, 73), (16, 72), (15, 71), (14, 70), (13, 69), (12, 68), (11, 67), (10, 66), (9, 65), (9, 64), (9, 63), (9, 62), (9, 61), (9, 60), (9, 59), (9, 58), (9, 57), (9, 56), (9, 55), (9, 54), (9, 53), (9, 52), (9, 51), (9, 50), (9, 49), (9, 48), (9, 47), (9, 46), (9, 45), (9, 44), (9, 43), (9, 42), (9, 41), (9, 40), (9, 39), (9, 38), (9, 37), (9, 36), (9, 35), (9, 34), (9, 33), (9, 32), (9, 31), (9, 30), (9, 29), (9, 28), (9, 27), (9, 26), (9, 25), (9, 24), (9, 23), (9, 22), (9, 21), (9, 20), (9, 19)]
衝突数:0
減速数:0
---------simu: 4------------
ID:0
現在地:(2, 63)
改札:[14, 76]
経路:[(2, 64), (3, 65), (4, 66), (5, 67), (6, 68), (7, 69), (8, 70), (9, 71), (10, 72), (11, 73), (12, 74), (13, 75), (14, 76)]
衝突数:4
減速数:0
ID:1
現在地:(13, 73)
改札:[18, 76]
経路:[(14, 73), (15, 73), (16, 74), (17, 75), (18, 76)]
衝突数:1
減速数:0
ID:2
現在地:(9, 73)
改札:[3, 74]
経路:[(8, 73), (7, 73), (6, 73), (5, 73), (4, 73), (3, 73), (3, 74)]
衝突数:0
減速数:0
ID:3
現在地:(13, 73)
改札:[3, 74]
経路:[(12, 73), (11, 73), (10, 73), (9, 73), (8, 73), (7, 73), (6, 73), (5, 73), (4, 73), (3, 73), (3, 74)]
衝突数:1
減速数:0
ID:4
現在地:(5, 63)
改札:[18, 76]
経路:[(6, 64), (7, 65), (8, 66), (9, 67), (10, 68), (11, 69), (12, 70), (13, 71), (14, 72), (15, 73), (16, 74), (17, 75), (18, 76)]
衝突数:4
減速数:0
ID:5
現在地:(12, 73)
改札:[18, 76]
経路:[(13, 73), (14, 73), (15, 73), (16, 74), (17, 75), (18, 76)]
衝突数:0
減速数:0
ID:7
現在地:(15, 73)
改札:[3, 74]
経路:[(14, 73), (13, 73), (12, 73), (11, 73), (10, 73), (9, 73), (8, 73), (7, 73), (6, 73), (5, 73), (4, 73), (3, 73), (3, 74)]
衝突数:1
減速数:1
ID:8
現在地:(4, 27)
改札:[12, 76]
経路:[(4, 28), (4, 29), (4, 30), (4, 31), (4, 32), (4, 33), (4, 34), (4, 35), (4, 36), (4, 37), (5, 38), (6, 39), (7, 40), (8, 41), (8, 42), (8, 43), (8, 44), (8, 45), (8, 46), (8, 47), (8, 48), (8, 49), (8, 50), (8, 51), (8, 52), (8, 53), (8, 54), (8, 55), (8, 56), (8, 57), (8, 58), (8, 59), (8, 60), (8, 61), (8, 62), (8, 63), (8, 64), (8, 65), (8, 66), (8, 67), (8, 68), (8, 69), (8, 70), (8, 71), (8, 72), (9, 73), (10, 74), (11, 75), (12, 76)]
衝突数:0
減速数:0
ID:9
現在地:(3, 30)
改札:[18, 76]
経路:[(3, 31), (3, 32), (3, 33), (3, 34), (3, 35), (3, 36), (4, 37), (5, 38), (6, 39), (7, 40), (8, 41), (8, 42), (8, 43), (8, 44), (8, 45), (8, 46), (8, 47), (8, 48), (8, 49), (8, 50), (8, 51), (8, 52), (8, 53), (8, 54), (8, 55), (8, 56), (8, 57), (8, 58), (8, 59), (8, 60), (8, 61), (8, 62), (8, 63), (8, 64), (8, 65), (8, 66), (9, 67), (10, 68), (11, 69), (12, 70), (13, 71), (14, 72), (15, 73), (16, 74), (17, 75), (18, 76)]
衝突数:0
減速数:0
ID:11
現在地:(11, 73)
改札:[18, 76]
経路:[(12, 73), (13, 73), (14, 73), (15, 73), (16, 74), (17, 75), (18, 76)]
衝突数:0
減速数:0
ID:13
現在地:(4, 60)
改札:[14, 76]
経路:[(4, 61), (4, 62), (4, 63), (4, 64), (4, 65), (4, 66), (5, 67), (6, 68), (7, 69), (8, 70), (9, 71), (10, 72), (11, 73), (12, 74), (13, 75), (14, 76)]
衝突数:0
減速数:0
ID:15
現在地:(16, 68)
改札:[2, 52]
経路:[(15, 67), (14, 66), (13, 65), (12, 64), (11, 63), (10, 62), (9, 61), (8, 60), (7, 59), (6, 58), (5, 57), (4, 56), (3, 55), (2, 54), (2, 53), (2, 52)]
衝突数:0
減速数:0
ID:17
現在地:(12, 68)
改札:[9, 19]
経路:[(11, 67), (10, 66), (9, 65), (9, 64), (9, 63), (9, 62), (9, 61), (9, 60), (9, 59), (9, 58), (9, 57), (9, 56), (9, 55), (9, 54), (9, 53), (9, 52), (9, 51), (9, 50), (9, 49), (9, 48), (9, 47), (9, 46), (9, 45), (9, 44), (9, 43), (9, 42), (9, 41), (9, 40), (9, 39), (9, 38), (9, 37), (9, 36), (9, 35), (9, 34), (9, 33), (9, 32), (9, 31), (9, 30), (9, 29), (9, 28), (9, 27), (9, 26), (9, 25), (9, 24), (9, 23), (9, 22), (9, 21), (9, 20), (9, 19)]
衝突数:0
減速数:0
ID:18
現在地:(5, 73)
改札:[14, 76]
経路:[(6, 73), (7, 73), (8, 73), (9, 73), (10, 73), (11, 73), (12, 74), (13, 75), (14, 76)]
衝突数:0
減速数:2
ID:20
現在地:(6, 73)
改札:[12, 76]
経路:[(7, 73), (8, 73), (9, 73), (10, 74), (11, 75), (12, 76)]
衝突数:0
減速数:0
ID:22
現在地:(14, 73)
改札:[3, 74]
経路:[(13, 73), (12, 73), (11, 73), (10, 73), (9, 73), (8, 73), (7, 73), (6, 73), (5, 73), (4, 73), (3, 73), (3, 74)]
衝突数:0
減速数:0
ID:23
現在地:(15, 71)
改札:[8, 19]
経路:[(14, 70), (13, 69), (12, 68), (11, 67), (10, 66), (9, 65), (8, 64), (8, 63), (8, 62), (8, 61), (8, 60), (8, 59), (8, 58), (8, 57), (8, 56), (8, 55), (8, 54), (8, 53), (8, 52), (8, 51), (8, 50), (8, 49), (8, 48), (8, 47), (8, 46), (8, 45), (8, 44), (8, 43), (8, 42), (8, 41), (8, 40), (8, 39), (8, 38), (8, 37), (8, 36), (8, 35), (8, 34), (8, 33), (8, 32), (8, 31), (8, 30), (8, 29), (8, 28), (8, 27), (8, 26), (8, 25), (8, 24), (8, 23), (8, 22), (8, 21), (8, 20), (8, 19)]
衝突数:0
減速数:0
ID:27
現在地:(10, 73)
改札:[16, 76]
経路:[(11, 73), (12, 73), (13, 73), (14, 74), (15, 75), (16, 76)]
衝突数:1
減速数:0
ID:27
現在地:(18, 74)
改札:[4, 74]
経路:[(17, 73), (16, 73), (15, 73), (14, 73), (13, 73), (12, 73), (11, 73), (10, 73), (9, 73), (8, 73), (7, 73), (6, 73), (5, 73), (4, 73), (4, 74)]
衝突数:0
減速数:0
ID:29
現在地:(7, 24)
改札:[16, 76]
経路:[(7, 25), (7, 26), (7, 27), (7, 28), (7, 29), (7, 30), (7, 31), (7, 32), (7, 33), (7, 34), (7, 35), (7, 36), (7, 37), (7, 38), (7, 39), (7, 40), (8, 41), (8, 42), (8, 43), (8, 44), (8, 45), (8, 46), (8, 47), (8, 48), (8, 49), (8, 50), (8, 51), (8, 52), (8, 53), (8, 54), (8, 55), (8, 56), (8, 57), (8, 58), (8, 59), (8, 60), (8, 61), (8, 62), (8, 63), (8, 64), (8, 65), (8, 66), (8, 67), (8, 68), (9, 69), (10, 70), (11, 71), (12, 72), (13, 73), (14, 74), (15, 75), (16, 76)]
衝突数:0
減速数:0
ID:30
現在地:[12, 76]
改札:[12, 76]
経路:[(11, 75), (12, 76)]
衝突数:1
減速数:0
ID:31
現在地:(20, 74)
改札:[6, 74]
経路:[(19, 73), (18, 73), (17, 73), (16, 73), (15, 73), (14, 73), (13, 73), (12, 73), (11, 73), (10, 73), (9, 73), (8, 73), (7, 73), (6, 73), (6, 74)]
衝突数:0
減速数:0
ID:32
現在地:(19, 73)
改札:[3, 74]
経路:[(18, 73), (17, 73), (16, 73), (15, 73), (14, 73), (13, 73), (12, 73), (11, 73), (10, 73), (9, 73), (8, 73), (7, 73), (6, 73), (5, 73), (4, 73), (3, 73), (3, 74)]
衝突数:0
減速数:0
ID:33
現在地:(6, 21)
改札:[14, 76]
経路:[(6, 22), (6, 23), (6, 24), (6, 25), (6, 26), (6, 27), (6, 28), (6, 29), (6, 30), (6, 31), (6, 32), (6, 33), (6, 34), (6, 35), (6, 36), (6, 37), (6, 38), (6, 39), (7, 40), (8, 41), (8, 42), (8, 43), (8, 44), (8, 45), (8, 46), (8, 47), (8, 48), (8, 49), (8, 50), (8, 51), (8, 52), (8, 53), (8, 54), (8, 55), (8, 56), (8, 57), (8, 58), (8, 59), (8, 60), (8, 61), (8, 62), (8, 63), (8, 64), (8, 65), (8, 66), (8, 67), (8, 68), (8, 69), (8, 70), (9, 71), (10, 72), (11, 73), (12, 74), (13, 75), (14, 76)]
衝突数:0
減速数:0
ID:34
現在地:(3, 24)
改札:[12, 76]
経路:[(3, 25), (3, 26), (3, 27), (3, 28), (3, 29), (3, 30), (3, 31), (3, 32), (3, 33), (3, 34), (3, 35), (3, 36), (4, 37), (5, 38), (6, 39), (7, 40), (8, 41), (8, 42), (8, 43), (8, 44), (8, 45), (8, 46), (8, 47), (8, 48), (8, 49), (8, 50), (8, 51), (8, 52), (8, 53), (8, 54), (8, 55), (8, 56), (8, 57), (8, 58), (8, 59), (8, 60), (8, 61), (8, 62), (8, 63), (8, 64), (8, 65), (8, 66), (8, 67), (8, 68), (8, 69), (8, 70), (8, 71), (8, 72), (9, 73), (10, 74), (11, 75), (12, 76)]
衝突数:0
減速数:0
ID:35
現在地:(4, 21)
改札:[12, 76]
経路:[(4, 22), (4, 23), (4, 24), (4, 25), (4, 26), (4, 27), (4, 28), (4, 29), (4, 30), (4, 31), (4, 32), (4, 33), (4, 34), (4, 35), (4, 36), (4, 37), (5, 38), (6, 39), (7, 40), (8, 41), (8, 42), (8, 43), (8, 44), (8, 45), (8, 46), (8, 47), (8, 48), (8, 49), (8, 50), (8, 51), (8, 52), (8, 53), (8, 54), (8, 55), (8, 56), (8, 57), (8, 58), (8, 59), (8, 60), (8, 61), (8, 62), (8, 63), (8, 64), (8, 65), (8, 66), (8, 67), (8, 68), (8, 69), (8, 70), (8, 71), (8, 72), (9, 73), (10, 74), (11, 75), (12, 76)]
衝突数:0
減速数:0
ID:39
現在地:(17, 71)
改札:[6, 52]
経路:[(16, 70), (15, 69), (14, 68), (13, 67), (12, 66), (11, 65), (10, 64), (9, 63), (8, 62), (7, 61), (6, 60), (6, 59), (6, 58), (6, 57), (6, 56), (6, 55), (6, 54), (6, 53), (6, 52)]
衝突数:0
減速数:0
ID:40
現在地:(3, 27)
改札:[12, 76]
経路:[(3, 28), (3, 29), (3, 30), (3, 31), (3, 32), (3, 33), (3, 34), (3, 35), (3, 36), (4, 37), (5, 38), (6, 39), (7, 40), (8, 41), (8, 42), (8, 43), (8, 44), (8, 45), (8, 46), (8, 47), (8, 48), (8, 49), (8, 50), (8, 51), (8, 52), (8, 53), (8, 54), (8, 55), (8, 56), (8, 57), (8, 58), (8, 59), (8, 60), (8, 61), (8, 62), (8, 63), (8, 64), (8, 65), (8, 66), (8, 67), (8, 68), (8, 69), (8, 70), (8, 71), (8, 72), (9, 73), (10, 74), (11, 75), (12, 76)]
衝突数:0
減速数:0
ID:40
現在地:(4, 74)
改札:[18, 76]
経路:[(4, 73), (5, 73), (6, 73), (7, 73), (8, 73), (9, 73), (10, 73), (11, 73), (12, 73), (13, 73), (14, 73), (15, 73), (16, 74), (17, 75), (18, 76)]
衝突数:0
減速数:1
ID:43
現在地:(2, 57)
改札:[16, 76]
経路:[(2, 58), (2, 59), (2, 60), (2, 61), (2, 62), (3, 63), (4, 64), (5, 65), (6, 66), (7, 67), (8, 68), (9, 69), (10, 70), (11, 71), (12, 72), (13, 73), (14, 74), (15, 75), (16, 76)]
衝突数:0
減速数:0
ID:43
現在地:(22, 74)
改札:[6, 52]
経路:[(21, 73), (20, 72), (19, 71), (18, 70), (17, 69), (16, 68), (15, 67), (14, 66), (13, 65), (12, 64), (11, 63), (10, 62), (9, 61), (8, 60), (7, 59), (6, 58), (6, 57), (6, 56), (6, 55), (6, 54), (6, 53), (6, 52)]
衝突数:0
減速数:0
ID:44
現在地:(10, 74)
改札:[12, 76]
経路:[(11, 75), (12, 76)]
衝突数:1
減速数:0
ID:46
現在地:(5, 60)
改札:[12, 76]
経路:[(5, 61), (5, 62), (5, 63), (5, 64), (5, 65), (5, 66), (5, 67), (5, 68), (5, 69), (6, 70), (7, 71), (8, 72), (9, 73), (10, 74), (11, 75), (12, 76)]
衝突数:0
減速数:0
ID:52
現在地:(5, 21)
改札:[14, 76]
経路:[(5, 22), (5, 23), (5, 24), (5, 25), (5, 26), (5, 27), (5, 28), (5, 29), (5, 30), (5, 31), (5, 32), (5, 33), (5, 34), (5, 35), (5, 36), (5, 37), (5, 38), (6, 39), (7, 40), (8, 41), (8, 42), (8, 43), (8, 44), (8, 45), (8, 46), (8, 47), (8, 48), (8, 49), (8, 50), (8, 51), (8, 52), (8, 53), (8, 54), (8, 55), (8, 56), (8, 57), (8, 58), (8, 59), (8, 60), (8, 61), (8, 62), (8, 63), (8, 64), (8, 65), (8, 66), (8, 67), (8, 68), (8, 69), (8, 70), (9, 71), (10, 72), (11, 73), (12, 74), (13, 75), (14, 76)]
衝突数:0
減速数:0
ID:55
現在地:(2, 54)
改札:[14, 76]
経路:[(2, 55), (2, 56), (2, 57), (2, 58), (2, 59), (2, 60), (2, 61), (2, 62), (2, 63), (2, 64), (3, 65), (4, 66), (5, 67), (6, 68), (7, 69), (8, 70), (9, 71), (10, 72), (11, 73), (12, 74), (13, 75), (14, 76)]
衝突数:0
減速数:0
ID:61
現在地:(4, 73)
改札:[18, 76]
経路:[(5, 73), (6, 73), (7, 73), (8, 73), (9, 73), (10, 73), (11, 73), (12, 73), (13, 73), (14, 73), (15, 73), (16, 74), (17, 75), (18, 76)]
衝突数:0
減速数:0
ID:63
現在地:(4, 54)
改札:[16, 76]
経路:[(4, 55), (4, 56), (4, 57), (4, 58), (4, 59), (4, 60), (4, 61), (4, 62), (4, 63), (4, 64), (5, 65), (6, 66), (7, 67), (8, 68), (9, 69), (10, 70), (11, 71), (12, 72), (13, 73), (14, 74), (15, 75), (16, 76)]
衝突数:0
減速数:0
ID:37
現在地:[24, 76]
改札:[9, 19]
経路:[(24, 76), (23, 75), (22, 74), (21, 73), (20, 72), (19, 71), (18, 70), (17, 69), (16, 68), (15, 67), (14, 66), (13, 65), (12, 64), (11, 63), (10, 62), (9, 61), (9, 60), (9, 59), (9, 58), (9, 57), (9, 56), (9, 55), (9, 54), (9, 53), (9, 52), (9, 51), (9, 50), (9, 49), (9, 48), (9, 47), (9, 46), (9, 45), (9, 44), (9, 43), (9, 42), (9, 41), (9, 40), (9, 39), (9, 38), (9, 37), (9, 36), (9, 35), (9, 34), (9, 33), (9, 32), (9, 31), (9, 30), (9, 29), (9, 28), (9, 27), (9, 26), (9, 25), (9, 24), (9, 23), (9, 22), (9, 21), (9, 20), (9, 19)]
衝突数:0
減速数:0
ID:39
現在地:[22, 76]
改札:[6, 74]
経路:[(22, 76), (21, 75), (20, 74), (19, 73), (18, 73), (17, 73), (16, 73), (15, 73), (14, 73), (13, 73), (12, 73), (11, 73), (10, 73), (9, 73), (8, 73), (7, 73), (6, 73), (6, 74)]
衝突数:0
減速数:0
ID:41
現在地:[24, 76]
改札:[4, 74]
経路:[(24, 76), (23, 75), (22, 74), (21, 73), (20, 73), (19, 73), (18, 73), (17, 73), (16, 73), (15, 73), (14, 73), (13, 73), (12, 73), (11, 73), (10, 73), (9, 73), (8, 73), (7, 73), (6, 73), (5, 73), (4, 73), (4, 74)]
衝突数:0
減速数:0
ID:42
現在地:[4, 74]
改札:[18, 76]
経路:[(4, 74), (4, 73), (5, 73), (6, 73), (7, 73), (8, 73), (9, 73), (10, 73), (11, 73), (12, 73), (13, 73), (14, 73), (15, 73), (16, 74), (17, 75), (18, 76)]
衝突数:0
減速数:0
ID:43
現在地:[24, 76]
改札:[3, 74]
経路:[(24, 76), (23, 75), (22, 74), (21, 73), (20, 73), (19, 73), (18, 73), (17, 73), (16, 73), (15, 73), (14, 73), (13, 73), (12, 73), (11, 73), (10, 73), (9, 73), (8, 73), (7, 73), (6, 73), (5, 73), (4, 73), (3, 73), (3, 74)]
衝突数:0
減速数:0
ID:44
現在地:[6, 74]
改札:[14, 76]
経路:[(6, 74), (6, 73), (7, 73), (8, 73), (9, 73), (10, 73), (11, 73), (12, 74), (13, 75), (14, 76)]
衝突数:0
減速数:0
ID:47
現在地:[6, 19]
改札:[14, 76]
経路:[(6, 19), (6, 20), (6, 21), (6, 22), (6, 23), (6, 24), (6, 25), (6, 26), (6, 27), (6, 28), (6, 29), (6, 30), (6, 31), (6, 32), (6, 33), (6, 34), (6, 35), (6, 36), (6, 37), (6, 38), (6, 39), (7, 40), (8, 41), (8, 42), (8, 43), (8, 44), (8, 45), (8, 46), (8, 47), (8, 48), (8, 49), (8, 50), (8, 51), (8, 52), (8, 53), (8, 54), (8, 55), (8, 56), (8, 57), (8, 58), (8, 59), (8, 60), (8, 61), (8, 62), (8, 63), (8, 64), (8, 65), (8, 66), (8, 67), (8, 68), (8, 69), (8, 70), (9, 71), (10, 72), (11, 73), (12, 74), (13, 75), (14, 76)]
衝突数:0
減速数:0
ID:49
現在地:[7, 19]
改札:[12, 76]
経路:[(7, 19), (7, 20), (7, 21), (7, 22), (7, 23), (7, 24), (7, 25), (7, 26), (7, 27), (7, 28), (7, 29), (7, 30), (7, 31), (7, 32), (7, 33), (7, 34), (7, 35), (7, 36), (7, 37), (7, 38), (7, 39), (7, 40), (8, 41), (8, 42), (8, 43), (8, 44), (8, 45), (8, 46), (8, 47), (8, 48), (8, 49), (8, 50), (8, 51), (8, 52), (8, 53), (8, 54), (8, 55), (8, 56), (8, 57), (8, 58), (8, 59), (8, 60), (8, 61), (8, 62), (8, 63), (8, 64), (8, 65), (8, 66), (8, 67), (8, 68), (8, 69), (8, 70), (8, 71), (8, 72), (9, 73), (10, 74), (11, 75), (12, 76)]
衝突数:0
減速数:0
ID:51
現在地:[4, 19]
改札:[16, 76]
経路:[(4, 19), (4, 20), (4, 21), (4, 22), (4, 23), (4, 24), (4, 25), (4, 26), (4, 27), (4, 28), (4, 29), (4, 30), (4, 31), (4, 32), (4, 33), (4, 34), (4, 35), (4, 36), (4, 37), (5, 38), (6, 39), (7, 40), (8, 41), (8, 42), (8, 43), (8, 44), (8, 45), (8, 46), (8, 47), (8, 48), (8, 49), (8, 50), (8, 51), (8, 52), (8, 53), (8, 54), (8, 55), (8, 56), (8, 57), (8, 58), (8, 59), (8, 60), (8, 61), (8, 62), (8, 63), (8, 64), (8, 65), (8, 66), (8, 67), (8, 68), (9, 69), (10, 70), (11, 71), (12, 72), (13, 73), (14, 74), (15, 75), (16, 76)]
衝突数:0
減速数:0
ID:53
現在地:[24, 76]
改札:[2, 52]
経路:[(24, 76), (23, 75), (22, 74), (21, 73), (20, 72), (19, 71), (18, 70), (17, 69), (16, 68), (15, 67), (14, 66), (13, 65), (12, 64), (11, 63), (10, 62), (9, 61), (8, 60), (7, 59), (6, 58), (5, 57), (4, 56), (3, 55), (2, 54), (2, 53), (2, 52)]
衝突数:0
減速数:0
ID:54
現在地:[3, 19]
改札:[12, 76]
経路:[(3, 19), (3, 20), (3, 21), (3, 22), (3, 23), (3, 24), (3, 25), (3, 26), (3, 27), (3, 28), (3, 29), (3, 30), (3, 31), (3, 32), (3, 33), (3, 34), (3, 35), (3, 36), (4, 37), (5, 38), (6, 39), (7, 40), (8, 41), (8, 42), (8, 43), (8, 44), (8, 45), (8, 46), (8, 47), (8, 48), (8, 49), (8, 50), (8, 51), (8, 52), (8, 53), (8, 54), (8, 55), (8, 56), (8, 57), (8, 58), (8, 59), (8, 60), (8, 61), (8, 62), (8, 63), (8, 64), (8, 65), (8, 66), (8, 67), (8, 68), (8, 69), (8, 70), (8, 71), (8, 72), (9, 73), (10, 74), (11, 75), (12, 76)]
衝突数:0
減速数:0
ID:56
現在地:[20, 76]
改札:[4, 74]
経路:[(20, 76), (19, 75), (18, 74), (17, 73), (16, 73), (15, 73), (14, 73), (13, 73), (12, 73), (11, 73), (10, 73), (9, 73), (8, 73), (7, 73), (6, 73), (5, 73), (4, 73), (4, 74)]
衝突数:0
減速数:0
ID:58
現在地:[24, 76]
改札:[2, 74]
経路:[(24, 76), (23, 75), (22, 74), (21, 73), (20, 73), (19, 73), (18, 73), (17, 73), (16, 73), (15, 73), (14, 73), (13, 73), (12, 73), (11, 73), (10, 73), (9, 73), (8, 73), (7, 73), (6, 73), (5, 73), (4, 73), (3, 73), (2, 73), (2, 74)]
衝突数:0
減速数:0
ID:59
現在地:[6, 19]
改札:[16, 76]
経路:[(6, 19), (6, 20), (6, 21), (6, 22), (6, 23), (6, 24), (6, 25), (6, 26), (6, 27), (6, 28), (6, 29), (6, 30), (6, 31), (6, 32), (6, 33), (6, 34), (6, 35), (6, 36), (6, 37), (6, 38), (6, 39), (7, 40), (8, 41), (8, 42), (8, 43), (8, 44), (8, 45), (8, 46), (8, 47), (8, 48), (8, 49), (8, 50), (8, 51), (8, 52), (8, 53), (8, 54), (8, 55), (8, 56), (8, 57), (8, 58), (8, 59), (8, 60), (8, 61), (8, 62), (8, 63), (8, 64), (8, 65), (8, 66), (8, 67), (8, 68), (9, 69), (10, 70), (11, 71), (12, 72), (13, 73), (14, 74), (15, 75), (16, 76)]
衝突数:0
減速数:0
ID:61
現在地:[22, 76]
改札:[6, 74]
経路:[(22, 76), (21, 75), (20, 74), (19, 73), (18, 73), (17, 73), (16, 73), (15, 73), (14, 73), (13, 73), (12, 73), (11, 73), (10, 73), (9, 73), (8, 73), (7, 73), (6, 73), (6, 74)]
衝突数:0
減速数:0
ID:64
現在地:[24, 76]
改札:[6, 74]
経路:[(24, 76), (23, 75), (22, 74), (21, 73), (20, 73), (19, 73), (18, 73), (17, 73), (16, 73), (15, 73), (14, 73), (13, 73), (12, 73), (11, 73), (10, 73), (9, 73), (8, 73), (7, 73), (6, 73), (6, 74)]
衝突数:0
減速数:0
ID:65
現在地:[24, 76]
改札:[2, 74]
経路:[(24, 76), (23, 75), (22, 74), (21, 73), (20, 73), (19, 73), (18, 73), (17, 73), (16, 73), (15, 73), (14, 73), (13, 73), (12, 73), (11, 73), (10, 73), (9, 73), (8, 73), (7, 73), (6, 73), (5, 73), (4, 73), (3, 73), (2, 73), (2, 74)]
衝突数:0
減速数:0
ID:66
現在地:[22, 76]
改札:[5, 74]
経路:[(22, 76), (21, 75), (20, 74), (19, 73), (18, 73), (17, 73), (16, 73), (15, 73), (14, 73), (13, 73), (12, 73), (11, 73), (10, 73), (9, 73), (8, 73), (7, 73), (6, 73), (5, 73), (5, 74)]
衝突数:0
減速数:0
ID:68
現在地:[24, 76]
改札:[5, 52]
経路:[(24, 76), (23, 75), (22, 74), (21, 73), (20, 72), (19, 71), (18, 70), (17, 69), (16, 68), (15, 67), (14, 66), (13, 65), (12, 64), (11, 63), (10, 62), (9, 61), (8, 60), (7, 59), (6, 58), (5, 57), (5, 56), (5, 55), (5, 54), (5, 53), (5, 52)]
衝突数:0
減速数:0
ID:69
現在地:[4, 52]
改札:[14, 76]
経路:[(4, 52), (4, 53), (4, 54), (4, 55), (4, 56), (4, 57), (4, 58), (4, 59), (4, 60), (4, 61), (4, 62), (4, 63), (4, 64), (4, 65), (4, 66), (5, 67), (6, 68), (7, 69), (8, 70), (9, 71), (10, 72), (11, 73), (12, 74), (13, 75), (14, 76)]
衝突数:0
減速数:0
ID:73
現在地:[5, 19]
改札:[12, 76]
経路:[(5, 19), (5, 20), (5, 21), (5, 22), (5, 23), (5, 24), (5, 25), (5, 26), (5, 27), (5, 28), (5, 29), (5, 30), (5, 31), (5, 32), (5, 33), (5, 34), (5, 35), (5, 36), (5, 37), (5, 38), (6, 39), (7, 40), (8, 41), (8, 42), (8, 43), (8, 44), (8, 45), (8, 46), (8, 47), (8, 48), (8, 49), (8, 50), (8, 51), (8, 52), (8, 53), (8, 54), (8, 55), (8, 56), (8, 57), (8, 58), (8, 59), (8, 60), (8, 61), (8, 62), (8, 63), (8, 64), (8, 65), (8, 66), (8, 67), (8, 68), (8, 69), (8, 70), (8, 71), (8, 72), (9, 73), (10, 74), (11, 75), (12, 76)]
衝突数:0
減速数:0
ID:75
現在地:[4, 74]
改札:[14, 76]
経路:[(4, 74), (4, 73), (5, 73), (6, 73), (7, 73), (8, 73), (9, 73), (10, 73), (11, 73), (12, 74), (13, 75), (14, 76)]
衝突数:0
減速数:0
ID:76
現在地:[20, 76]
改札:[3, 74]
経路:[(20, 76), (19, 75), (18, 74), (17, 73), (16, 73), (15, 73), (14, 73), (13, 73), (12, 73), (11, 73), (10, 73), (9, 73), (8, 73), (7, 73), (6, 73), (5, 73), (4, 73), (3, 73), (3, 74)]
衝突数:0
減速数:0
